D = 16;
n = [ 2 1 0 1 0 0 1 1 3 2 1 1 0 1 3 2 ];

N = 75;
d = [ 1 1 2 4 7 8 9 9 9 10 10 11 12 14 15 15 15 16 16 5 16 1 1 7 16 5 5 4 2 15 1 5 3 6 8 12 2 1 9 14 14 6 9 5 15 11 1 9 14 15 13 13 15 13 3 14 1 7 2 2 5 2 6 8 7 13 3 8 13 11 5 11 16 14 15 ];
m = [
[ 1.00 0.61 0.27 0.56 0.71 0.57 0.93 0.59 0.62 0.67 0.91 0.34 0.71 0.98 0.33 0.92 0.27 0.18 0.41 0.55 0.90 0.76 0.88 0.83 0.77 0.29 0.43 0.00 0.29 0.89 0.17 0.60 0.76 0.11 0.25 0.70 0.61 0.28 0.27 0.47 0.94 0.32 0.94 0.88 0.50 0.99 0.26 0.28 0.41 0.04 0.31 0.73 0.85 0.41 0.64 0.29 1.00 0.02 0.88 0.90 0.69 0.29 0.77 0.82 0.35 0.68 0.33 0.42 0.58 0.91 0.55 0.57 0.20 0.26 0.17 ]
[ 0.61 1.00 0.79 0.71 0.96 0.51 0.80 0.99 0.36 0.35 0.91 0.06 0.88 0.92 0.94 0.93 0.97 0.31 0.40 0.73 0.64 0.97 0.24 0.38 0.13 0.22 0.50 0.21 0.52 0.93 0.86 0.72 0.57 0.94 0.19 0.85 0.67 0.91 0.92 0.36 0.38 0.55 0.81 0.54 0.29 0.93 0.24 0.25 0.44 0.10 0.87 0.32 0.92 0.66 0.41 0.35 0.07 0.53 0.50 0.74 0.27 0.15 0.70 0.00 0.75 0.63 0.41 0.72 0.55 0.73 0.55 0.61 0.82 0.06 0.89 ]
[ 0.27 0.79 1.00 0.27 0.94 0.96 0.36 0.57 0.46 0.23 0.30 0.62 0.49 0.00 0.86 0.42 0.55 0.46 0.76 0.29 0.34 0.20 0.61 0.34 0.35 0.80 0.68 0.70 0.40 0.89 0.99 0.48 0.89 0.93 0.55 0.45 0.86 0.93 0.90 0.54 0.38 0.96 0.90 0.94 0.12 0.25 0.53 0.28 0.93 0.98 0.91 0.82 0.72 0.89 0.32 0.71 0.89 0.60 0.19 0.41 0.25 0.08 0.24 0.92 0.46 0.69 0.62 0.05 0.28 0.60 0.91 0.15 0.83 0.39 0.99 ]
[ 0.56 0.71 0.27 1.00 0.77 0.31 0.96 0.29 0.16 0.94 0.50 0.50 0.66 0.07 0.23 0.72 0.53 0.69 0.12 0.57 0.96 0.87 0.28 0.95 0.84 0.00 0.49 0.48 0.30 0.70 0.34 0.43 0.28 0.26 0.85 0.00 0.64 0.51 0.86 0.29 0.77 0.83 0.61 0.39 0.63 0.97 0.00 0.45 0.02 0.98 0.64 0.87 0.08 0.99 0.66 0.55 0.49 0.44 0.91 0.95 0.93 0.28 0.81 0.50 0.31 0.91 0.27 0.90 0.88 0.21 0.72 0.91 0.44 0.62 0.62 ]
[ 0.71 0.96 0.94 0.77 1.00 0.88 0.53 0.20 0.17 0.56 0.78 0.88 0.49 0.70 0.65 0.59 0.52 0.98 0.70 0.96 0.76 0.64 0.43 0.99 0.38 0.95 0.47 0.90 0.40 0.95 0.83 0.09 0.89 0.46 1.00 0.50 0.28 0.33 0.83 0.85 0.95 0.51 0.52 0.19 0.99 0.83 0.82 0.42 0.18 0.33 0.85 0.75 1.00 0.70 0.34 0.31 0.47 0.86 0.55 0.77 0.97 0.42 0.00 0.96 0.50 0.32 0.57 0.41 0.83 0.56 0.96 0.87 0.72 0.66 0.07 ]
[ 0.57 0.51 0.96 0.31 0.88 1.00 0.63 0.60 0.38 0.85 0.42 0.63 0.15 0.59 0.21 0.98 0.93 0.86 0.04 0.52 0.62 0.73 0.80 0.79 0.00 0.99 0.32 0.01 0.43 0.50 0.44 0.94 0.58 0.24 0.48 0.97 0.95 0.35 0.95 0.99 0.94 0.89 0.89 0.67 0.61 0.42 0.39 0.25 0.88 0.30 0.34 0.24 0.96 1.00 0.87 0.41 0.96 0.60 0.85 0.09 0.59 0.96 0.16 0.80 0.24 0.77 0.87 0.39 0.06 0.35 0.32 0.40 0.38 0.16 0.42 ]
[ 0.93 0.80 0.36 0.96 0.53 0.63 1.00 0.82 0.61 0.84 0.51 0.78 0.18 0.19 0.97 0.18 0.66 0.69 0.84 0.84 0.25 0.59 0.10 0.53 0.33 1.00 0.91 0.45 0.95 0.95 0.77 0.09 0.00 0.57 0.53 0.36 0.56 0.29 0.08 0.52 0.89 0.53 0.42 0.26 0.46 0.48 0.49 0.99 0.92 0.49 0.87 0.96 0.65 0.80 0.95 0.15 0.82 0.56 0.51 0.42 0.53 0.35 0.81 0.93 0.97 0.49 0.97 0.58 0.23 0.00 0.68 0.68 0.82 0.33 0.72 ]
[ 0.59 0.99 0.57 0.29 0.20 0.60 0.82 1.00 0.63 0.93 0.20 0.92 0.22 0.86 0.91 0.14 0.94 0.64 0.87 0.25 0.25 0.30 0.43 0.44 0.97 0.94 0.55 0.28 0.17 0.70 0.33 0.85 0.22 1.00 0.29 0.28 0.31 0.67 0.46 0.66 0.24 0.25 0.47 0.41 0.57 0.79 0.98 0.65 0.62 0.88 0.73 0.29 0.97 0.64 0.87 0.49 0.12 0.80 0.14 0.66 0.47 0.45 0.57 0.32 0.97 0.24 0.12 0.65 0.89 0.74 0.98 0.58 0.99 0.98 0.75 ]
[ 0.62 0.36 0.46 0.16 0.17 0.38 0.61 0.63 1.00 0.49 0.89 0.58 0.18 0.22 0.36 0.00 0.25 0.33 0.76 0.57 0.50 0.98 0.99 0.83 0.04 0.90 0.72 0.03 0.34 0.96 0.42 0.95 0.56 0.35 0.58 0.64 0.00 0.55 0.96 0.30 0.35 0.98 0.56 0.24 0.40 0.85 0.57 0.29 0.56 0.91 0.69 0.66 0.25 0.24 0.04 0.91 0.87 0.48 0.91 0.99 0.97 0.89 0.99 0.52 0.58 0.55 0.33 0.35 0.09 0.33 0.67 0.07 0.82 0.55 0.51 ]
[ 0.67 0.35 0.23 0.94 0.56 0.85 0.84 0.93 0.49 1.00 0.21 0.92 0.96 0.12 0.83 0.88 0.71 0.74 0.75 0.49 0.36 0.70 0.21 0.63 0.86 0.28 0.51 0.00 0.32 0.37 0.19 0.10 0.52 0.92 0.16 0.21 0.27 0.99 0.44 0.57 0.69 0.33 0.38 0.47 0.15 0.19 0.92 0.00 0.16 0.87 0.79 0.65 0.24 0.14 0.46 0.61 0.00 0.48 0.39 0.62 0.90 0.55 0.65 0.26 0.20 0.48 0.83 0.43 0.94 0.82 0.76 0.04 1.00 0.25 0.53 ]
[ 0.91 0.91 0.30 0.50 0.78 0.42 0.51 0.20 0.89 0.21 1.00 0.23 0.92 0.36 0.67 0.93 0.51 0.51 0.49 0.92 0.39 0.95 0.86 0.94 0.96 0.39 0.53 0.00 0.16 0.92 0.78 0.69 0.48 0.04 0.36 0.46 0.50 0.18 0.99 0.36 0.70 0.90 0.55 0.34 0.79 0.70 0.96 0.53 0.40 0.25 0.99 0.15 0.00 0.19 0.43 0.91 0.75 0.95 0.16 0.88 0.39 0.41 0.65 0.64 0.35 0.18 0.91 0.99 0.21 0.99 0.21 0.97 0.00 0.48 0.73 ]
[ 0.34 0.06 0.62 0.50 0.88 0.63 0.78 0.92 0.58 0.92 0.23 1.00 0.86 0.31 0.71 0.00 0.66 0.64 0.54 0.99 0.90 0.71 0.99 0.79 0.25 0.80 0.30 0.70 0.79 0.37 0.16 0.71 0.70 0.96 0.89 0.37 0.57 0.01 0.77 0.50 0.11 1.00 0.89 0.85 0.84 0.03 0.00 0.84 0.73 0.00 0.27 0.27 0.41 0.09 0.35 0.45 0.93 0.30 0.21 0.33 0.60 0.47 0.31 0.72 0.38 0.44 0.86 0.15 0.41 0.75 0.86 0.45 0.45 0.20 0.23 ]
[ 0.71 0.88 0.49 0.66 0.49 0.15 0.18 0.22 0.18 0.96 0.92 0.86 1.00 0.58 0.56 0.56 0.56 0.68 0.64 0.91 0.69 0.26 0.83 0.97 0.35 0.59 0.76 0.31 0.18 0.68 0.79 0.45 0.67 0.43 0.91 0.27 0.28 0.35 0.90 0.88 0.36 0.40 0.51 0.26 0.45 0.88 0.89 0.74 0.70 0.44 0.19 0.90 0.99 0.42 0.95 0.00 0.82 0.34 0.79 0.34 0.34 0.60 0.91 0.47 0.86 0.00 0.88 0.44 0.85 0.23 0.58 1.00 0.66 0.72 0.34 ]
[ 0.98 0.92 0.00 0.07 0.70 0.59 0.19 0.86 0.22 0.12 0.36 0.31 0.58 1.00 0.87 0.81 0.91 0.11 0.17 0.10 0.82 0.49 0.41 0.96 0.76 0.89 0.75 0.29 0.75 0.39 0.03 0.35 0.74 0.30 0.26 0.94 0.67 0.49 0.54 0.94 0.51 0.33 0.00 0.47 0.66 0.41 0.24 0.15 0.50 0.81 0.27 0.83 0.56 0.69 0.94 0.37 0.92 0.04 0.20 0.76 0.61 0.93 0.79 0.51 0.93 0.70 0.00 0.68 0.76 0.96 0.43 0.00 0.45 0.86 0.85 ]
[ 0.33 0.94 0.86 0.23 0.65 0.21 0.97 0.91 0.36 0.83 0.67 0.71 0.56 0.87 1.00 0.92 0.99 0.02 0.98 0.82 0.48 0.76 0.28 0.15 0.18 0.81 0.88 0.93 0.97 0.90 0.69 0.67 0.80 0.28 0.80 0.31 0.58 0.61 0.04 0.84 0.48 0.99 0.55 0.37 0.19 0.89 0.50 0.54 0.98 0.31 0.77 0.29 0.54 0.37 0.51 0.24 0.88 0.61 0.92 0.03 0.61 0.41 0.92 0.55 0.63 0.87 0.34 0.86 0.00 0.42 0.95 0.69 0.78 0.36 0.37 ]
[ 0.92 0.93 0.42 0.72 0.59 0.98 0.18 0.14 0.00 0.88 0.93 0.00 0.56 0.81 0.92 1.00 0.77 0.14 0.31 0.96 0.61 0.74 0.87 0.66 0.49 0.59 0.88 0.54 0.82 0.72 0.25 0.52 1.00 0.39 0.54 0.40 0.27 0.62 0.59 0.97 0.82 0.85 0.66 0.26 0.00 0.83 0.26 0.48 0.20 0.93 0.49 0.59 0.71 0.41 0.47 0.99 0.67 0.94 0.86 0.86 0.25 0.10 0.26 0.49 0.86 0.92 0.60 0.34 0.99 0.93 0.46 0.83 0.73 0.22 0.10 ]
[ 0.27 0.97 0.55 0.53 0.52 0.93 0.66 0.94 0.25 0.71 0.51 0.66 0.56 0.91 0.99 0.77 1.00 0.61 0.89 0.23 0.50 0.94 0.58 0.26 0.29 0.95 0.86 0.52 0.96 0.96 0.18 0.46 0.15 0.52 0.92 0.60 0.89 0.93 0.39 0.23 0.25 0.62 0.18 0.68 0.95 0.37 0.89 0.92 0.75 0.53 0.58 0.34 0.06 0.67 0.08 0.90 0.62 0.13 0.87 0.48 0.23 0.55 0.93 0.00 0.06 0.32 0.57 0.00 0.92 0.70 0.94 0.86 0.81 0.98 0.92 ]
[ 0.18 0.31 0.46 0.69 0.98 0.86 0.69 0.64 0.33 0.74 0.51 0.64 0.68 0.11 0.02 0.14 0.61 1.00 0.47 0.78 0.11 0.84 0.92 0.62 0.79 0.86 0.91 0.27 0.71 0.92 0.65 0.60 0.30 0.61 0.19 0.89 0.18 0.18 0.80 0.85 0.22 0.27 0.63 0.94 0.25 0.91 0.07 0.92 0.25 0.42 0.95 0.84 0.98 0.89 0.67 0.61 0.45 0.36 0.28 0.94 0.16 0.28 0.00 0.29 0.96 0.90 0.30 0.03 0.40 0.79 0.97 0.99 0.91 0.39 0.03 ]
[ 0.41 0.40 0.76 0.12 0.70 0.04 0.84 0.87 0.76 0.75 0.49 0.54 0.64 0.17 0.98 0.31 0.89 0.47 1.00 0.79 0.81 0.10 0.67 0.22 0.47 0.82 0.69 0.69 0.58 0.31 0.33 0.94 0.91 0.33 0.78 0.97 0.89 0.12 0.39 0.52 0.38 0.92 0.60 0.31 0.80 0.62 0.59 0.13 0.31 0.60 0.04 0.83 0.77 0.94 0.61 0.18 0.58 0.86 0.96 0.93 0.97 0.77 0.49 0.48 0.13 0.74 0.93 0.64 0.56 0.62 0.44 0.88 0.30 0.35 0.95 ]
[ 0.55 0.73 0.29 0.57 0.96 0.52 0.84 0.25 0.57 0.49 0.92 0.99 0.91 0.10 0.82 0.96 0.23 0.78 0.79 1.00 0.95 0.17 0.98 0.36 0.30 0.46 0.90 0.77 0.91 0.04 0.65 0.12 0.66 0.89 0.83 0.74 0.90 0.28 0.41 0.51 0.60 0.60 0.80 0.00 0.38 0.04 0.11 0.88 0.00 0.28 0.63 0.70 0.97 0.43 0.04 0.48 0.90 0.96 0.20 0.51 0.84 0.33 0.88 0.55 0.98 0.67 0.99 0.86 0.60 0.63 0.31 0.65 0.89 0.94 0.24 ]
[ 0.90 0.64 0.34 0.96 0.76 0.62 0.25 0.25 0.50 0.36 0.39 0.90 0.69 0.82 0.48 0.61 0.50 0.11 0.81 0.95 1.00 0.41 0.57 0.51 0.73 0.95 0.13 0.32 0.81 0.47 0.71 0.51 0.00 0.88 0.94 0.28 0.72 0.37 0.13 0.46 0.69 0.39 0.41 0.66 0.64 0.55 0.75 0.70 0.17 0.50 0.64 0.94 0.81 0.92 0.98 0.48 0.44 0.86 0.54 0.78 0.00 0.48 0.66 0.38 0.88 0.23 0.01 0.91 0.96 0.00 0.24 0.15 0.90 0.75 0.41 ]
[ 0.76 0.97 0.20 0.87 0.64 0.73 0.59 0.30 0.98 0.70 0.95 0.71 0.26 0.49 0.76 0.74 0.94 0.84 0.10 0.17 0.41 1.00 0.17 0.53 0.27 0.62 0.98 0.98 0.64 0.69 0.48 0.42 0.18 0.45 0.34 0.98 0.13 0.97 0.76 0.44 0.57 0.53 0.82 0.47 0.90 0.67 0.96 0.89 0.09 0.74 0.48 0.16 0.99 0.34 0.87 0.75 0.69 0.29 0.71 0.91 0.77 0.00 0.94 0.87 0.75 0.89 0.90 0.69 0.14 0.82 0.64 0.57 0.44 0.58 0.71 ]
[ 0.88 0.24 0.61 0.28 0.43 0.80 0.10 0.43 0.99 0.21 0.86 0.99 0.83 0.41 0.28 0.87 0.58 0.92 0.67 0.98 0.57 0.17 1.00 0.51 0.25 0.97 0.75 0.88 0.72 0.48 0.92 0.73 0.71 0.87 0.45 0.79 0.65 0.84 0.71 0.45 0.23 0.96 0.28 0.62 0.91 0.26 0.41 0.89 0.69 0.62 0.22 0.86 0.23 0.39 0.93 0.98 0.85 0.56 0.51 0.88 0.42 0.72 0.39 0.80 0.92 0.36 0.88 0.41 0.40 0.30 0.49 0.49 0.60 0.95 0.90 ]
[ 0.83 0.38 0.34 0.95 0.99 0.79 0.53 0.44 0.83 0.63 0.94 0.79 0.97 0.96 0.15 0.66 0.26 0.62 0.22 0.36 0.51 0.53 0.51 1.00 0.86 0.34 0.47 0.83 0.66 0.15 0.85 0.41 0.07 0.21 0.57 0.67 0.00 0.42 0.97 0.48 0.60 0.81 0.59 0.08 0.35 0.15 0.81 0.63 0.59 0.44 0.16 0.18 0.86 0.89 0.83 0.52 0.79 0.87 0.17 0.08 0.59 0.94 0.66 0.77 0.96 0.61 0.89 0.74 0.02 0.30 0.74 0.65 0.30 0.89 0.53 ]
[ 0.77 0.13 0.35 0.84 0.38 0.00 0.33 0.97 0.04 0.86 0.96 0.25 0.35 0.76 0.18 0.49 0.29 0.79 0.47 0.30 0.73 0.27 0.25 0.86 1.00 0.54 0.91 0.67 0.48 0.49 0.80 0.79 0.74 0.09 0.98 0.21 0.93 0.92 0.62 0.15 0.94 0.42 0.96 0.24 0.68 0.42 0.69 0.79 0.18 0.57 0.37 0.94 0.07 0.58 0.69 0.40 0.27 0.39 0.77 0.86 0.22 0.38 0.69 0.92 0.67 0.65 0.68 0.78 0.90 0.41 0.87 0.49 0.49 0.29 0.36 ]
[ 0.29 0.22 0.80 0.00 0.95 0.99 1.00 0.94 0.90 0.28 0.39 0.80 0.59 0.89 0.81 0.59 0.95 0.86 0.82 0.46 0.95 0.62 0.97 0.34 0.54 1.00 0.85 0.97 0.33 0.93 0.40 0.73 0.05 0.91 0.72 0.69 0.13 0.14 0.29 0.03 0.68 0.64 0.76 0.86 0.16 0.77 0.99 0.07 0.36 0.54 0.09 0.89 0.89 0.74 0.00 0.17 0.39 0.00 0.86 0.85 0.51 0.72 0.43 0.02 0.19 0.61 0.52 0.82 0.65 0.85 0.60 0.56 0.14 0.19 0.48 ]
[ 0.43 0.50 0.68 0.49 0.47 0.32 0.91 0.55 0.72 0.51 0.53 0.30 0.76 0.75 0.88 0.88 0.86 0.91 0.69 0.90 0.13 0.98 0.75 0.47 0.91 0.85 1.00 0.30 0.23 0.91 0.70 0.39 0.79 0.48 0.33 0.32 0.60 0.08 0.76 0.70 0.30 0.98 0.79 0.62 0.23 0.93 0.93 0.68 0.13 0.78 0.62 0.02 0.43 0.09 0.68 0.86 0.00 0.82 0.87 0.38 0.25 0.61 0.99 0.70 0.91 0.36 0.63 0.59 0.98 0.55 0.16 0.00 0.84 0.26 0.89 ]
[ 0.00 0.21 0.70 0.48 0.90 0.01 0.45 0.28 0.03 0.00 0.00 0.70 0.31 0.29 0.93 0.54 0.52 0.27 0.69 0.77 0.32 0.98 0.88 0.83 0.67 0.97 0.30 1.00 0.82 0.90 0.85 0.89 0.26 0.81 1.00 0.98 0.87 0.89 0.44 0.91 0.94 0.49 0.16 0.80 0.86 0.37 0.59 0.95 0.36 0.81 0.00 0.71 0.88 0.85 0.18 0.82 1.00 0.98 0.39 0.95 0.95 0.59 0.53 0.48 0.52 0.34 0.88 0.53 0.64 0.99 0.79 0.25 0.89 0.58 0.59 ]
[ 0.29 0.52 0.40 0.30 0.40 0.43 0.95 0.17 0.34 0.32 0.16 0.79 0.18 0.75 0.97 0.82 0.96 0.71 0.58 0.91 0.81 0.64 0.72 0.66 0.48 0.33 0.23 0.82 1.00 0.98 0.03 0.25 0.67 0.86 0.96 0.22 0.00 0.95 0.86 0.31 0.21 0.82 0.90 0.56 0.57 0.97 0.86 0.86 0.21 0.97 0.91 0.48 0.92 0.55 0.34 0.41 0.14 0.39 0.90 0.31 0.97 0.73 0.42 0.56 0.57 0.74 0.51 0.35 0.00 0.75 0.63 0.81 0.08 0.06 0.93 ]
[ 0.89 0.93 0.89 0.70 0.95 0.50 0.95 0.70 0.96 0.37 0.92 0.37 0.68 0.39 0.90 0.72 0.96 0.92 0.31 0.04 0.47 0.69 0.48 0.15 0.49 0.93 0.91 0.90 0.98 1.00 0.20 0.21 0.36 0.93 0.93 0.72 0.98 0.45 0.01 0.54 0.85 0.57 0.35 0.29 0.85 0.83 0.32 0.30 0.83 0.68 0.66 0.42 0.41 0.64 0.04 0.45 0.50 0.28 0.88 0.92 0.87 0.38 0.49 0.99 0.89 0.81 0.89 0.93 0.87 0.22 0.51 0.61 0.55 0.71 0.00 ]
[ 0.17 0.86 0.99 0.34 0.83 0.44 0.77 0.33 0.42 0.19 0.78 0.16 0.79 0.03 0.69 0.25 0.18 0.65 0.33 0.65 0.71 0.48 0.92 0.85 0.80 0.40 0.70 0.85 0.03 0.20 1.00 0.89 0.41 0.40 0.28 0.64 0.28 0.57 0.10 0.68 0.21 0.06 0.53 0.02 0.50 0.41 0.30 0.90 0.90 0.40 0.93 0.02 0.47 0.14 0.62 0.42 0.64 0.33 0.63 0.97 0.43 0.48 0.70 0.30 0.91 0.94 0.60 0.66 0.48 0.28 0.39 0.79 0.39 0.35 0.94 ]
[ 0.60 0.72 0.48 0.43 0.09 0.94 0.09 0.85 0.95 0.10 0.69 0.71 0.45 0.35 0.67 0.52 0.46 0.60 0.94 0.12 0.51 0.42 0.73 0.41 0.79 0.73 0.39 0.89 0.25 0.21 0.89 1.00 0.30 0.89 0.57 0.47 0.87 0.42 0.76 0.49 0.23 0.04 0.23 0.76 0.61 0.28 0.89 0.17 0.67 0.25 0.39 0.25 0.48 0.03 0.54 0.80 0.62 1.00 0.70 0.71 0.01 0.91 0.68 0.12 0.65 0.73 0.50 0.52 0.00 0.68 0.19 0.32 0.02 0.11 0.30 ]
[ 0.76 0.57 0.89 0.28 0.89 0.58 0.00 0.22 0.56 0.52 0.48 0.70 0.67 0.74 0.80 1.00 0.15 0.30 0.91 0.66 0.00 0.18 0.71 0.07 0.74 0.05 0.79 0.26 0.67 0.36 0.41 0.30 1.00 0.67 0.59 0.17 0.92 0.96 0.87 0.71 0.23 0.67 0.34 0.42 0.84 0.86 0.18 0.21 0.37 0.13 0.55 0.77 0.41 0.18 0.30 0.67 0.09 0.00 0.13 0.70 0.82 0.89 0.46 0.03 0.40 0.56 0.00 0.93 0.59 0.70 0.45 0.93 0.37 0.95 0.15 ]
[ 0.11 0.94 0.93 0.26 0.46 0.24 0.57 1.00 0.35 0.92 0.04 0.96 0.43 0.30 0.28 0.39 0.52 0.61 0.33 0.89 0.88 0.45 0.87 0.21 0.09 0.91 0.48 0.81 0.86 0.93 0.40 0.89 0.67 1.00 0.49 0.55 0.49 0.39 0.74 0.75 0.59 0.45 0.40 0.18 0.67 0.87 0.59 0.41 0.25 0.76 0.56 0.52 0.22 0.55 0.78 0.71 0.09 0.63 0.89 0.86 0.28 0.89 0.59 0.86 0.16 0.43 0.43 0.62 0.70 0.47 0.95 0.03 0.49 0.32 0.94 ]
[ 0.25 0.19 0.55 0.85 1.00 0.48 0.53 0.29 0.58 0.16 0.36 0.89 0.91 0.26 0.80 0.54 0.92 0.19 0.78 0.83 0.94 0.34 0.45 0.57 0.98 0.72 0.33 1.00 0.96 0.93 0.28 0.57 0.59 0.49 1.00 0.12 0.53 0.59 0.66 0.81 0.61 0.39 0.33 0.93 0.34 0.67 0.34 0.32 0.76 0.52 0.72 0.38 0.91 0.52 0.95 0.77 0.72 0.42 0.33 0.87 1.00 0.92 0.97 0.84 0.30 0.88 0.73 0.91 0.92 0.42 0.91 0.49 0.50 0.04 0.73 ]
[ 0.70 0.85 0.45 0.00 0.50 0.97 0.36 0.28 0.64 0.21 0.46 0.37 0.27 0.94 0.31 0.40 0.60 0.89 0.97 0.74 0.28 0.98 0.79 0.67 0.21 0.69 0.32 0.98 0.22 0.72 0.64 0.47 0.17 0.55 0.12 1.00 0.34 0.04 0.00 0.23 0.85 0.62 0.16 0.40 0.21 0.85 0.84 0.91 0.61 0.67 0.76 0.05 0.70 0.55 0.03 0.85 0.49 0.66 0.91 0.18 0.95 0.47 0.32 0.99 0.46 0.07 0.27 0.94 1.00 0.49 0.75 0.42 0.25 0.74 0.29 ]
[ 0.61 0.67 0.86 0.64 0.28 0.95 0.56 0.31 0.00 0.27 0.50 0.57 0.28 0.67 0.58 0.27 0.89 0.18 0.89 0.90 0.72 0.13 0.65 0.00 0.93 0.13 0.60 0.87 0.00 0.98 0.28 0.87 0.92 0.49 0.53 0.34 1.00 0.84 0.14 0.55 0.89 0.22 0.26 0.01 0.40 0.34 0.98 0.92 0.31 0.18 0.84 0.78 0.68 0.01 0.38 0.78 0.25 0.40 0.54 0.94 0.22 0.88 0.60 0.62 0.57 0.33 0.57 0.70 0.18 0.86 0.52 0.84 1.00 0.14 0.69 ]
[ 0.28 0.91 0.93 0.51 0.33 0.35 0.29 0.67 0.55 0.99 0.18 0.01 0.35 0.49 0.61 0.62 0.93 0.18 0.12 0.28 0.37 0.97 0.84 0.42 0.92 0.14 0.08 0.89 0.95 0.45 0.57 0.42 0.96 0.39 0.59 0.04 0.84 1.00 0.92 0.47 0.73 0.43 0.84 0.30 0.00 0.72 0.40 0.92 0.89 0.69 0.71 0.88 0.44 0.79 0.28 0.47 0.94 0.32 0.08 0.38 0.97 0.28 0.90 0.44 0.91 0.70 0.59 0.41 0.66 0.85 0.86 0.68 0.17 0.72 0.32 ]
[ 0.27 0.92 0.90 0.86 0.83 0.95 0.08 0.46 0.96 0.44 0.99 0.77 0.90 0.54 0.04 0.59 0.39 0.80 0.39 0.41 0.13 0.76 0.71 0.97 0.62 0.29 0.76 0.44 0.86 0.01 0.10 0.76 0.87 0.74 0.66 0.00 0.14 0.92 1.00 0.40 0.89 0.31 0.26 0.27 0.98 0.71 0.81 0.51 0.46 0.55 0.16 0.31 0.90 0.59 0.29 0.00 0.50 0.98 0.62 0.34 0.40 0.19 0.26 0.39 0.00 0.76 0.28 0.66 0.82 0.47 0.60 0.54 0.25 0.87 0.68 ]
[ 0.47 0.36 0.54 0.29 0.85 0.99 0.52 0.66 0.30 0.57 0.36 0.50 0.88 0.94 0.84 0.97 0.23 0.85 0.52 0.51 0.46 0.44 0.45 0.48 0.15 0.03 0.70 0.91 0.31 0.54 0.68 0.49 0.71 0.75 0.81 0.23 0.55 0.47 0.40 1.00 0.93 1.00 0.19 0.79 0.26 0.81 0.87 0.80 0.54 0.80 0.47 0.61 0.74 0.23 0.19 0.59 0.76 0.38 0.46 0.29 0.83 0.00 0.22 0.55 0.98 0.78 0.79 0.51 0.90 0.19 0.42 0.99 0.97 0.36 0.85 ]
[ 0.94 0.38 0.38 0.77 0.95 0.94 0.89 0.24 0.35 0.69 0.70 0.11 0.36 0.51 0.48 0.82 0.25 0.22 0.38 0.60 0.69 0.57 0.23 0.60 0.94 0.68 0.30 0.94 0.21 0.85 0.21 0.23 0.23 0.59 0.61 0.85 0.89 0.73 0.89 0.93 1.00 0.00 0.59 0.19 0.58 0.74 0.88 0.92 0.30 0.53 0.89 0.30 0.33 0.93 0.99 0.51 0.23 0.93 0.54 0.16 0.81 0.67 0.26 0.25 0.26 0.53 0.54 0.85 0.98 0.17 0.10 0.46 0.57 0.51 0.56 ]
[ 0.32 0.55 0.96 0.83 0.51 0.89 0.53 0.25 0.98 0.33 0.90 1.00 0.40 0.33 0.99 0.85 0.62 0.27 0.92 0.60 0.39 0.53 0.96 0.81 0.42 0.64 0.98 0.49 0.82 0.57 0.06 0.04 0.67 0.45 0.39 0.62 0.22 0.43 0.31 1.00 0.00 1.00 0.37 0.41 0.95 0.33 0.78 0.49 0.75 0.28 0.75 0.92 0.78 0.92 0.75 0.39 0.28 0.77 0.92 0.53 0.70 0.76 0.88 0.87 0.06 0.82 0.42 0.26 0.92 0.95 0.59 0.64 0.99 0.37 0.73 ]
[ 0.94 0.81 0.90 0.61 0.52 0.89 0.42 0.47 0.56 0.38 0.55 0.89 0.51 0.00 0.55 0.66 0.18 0.63 0.60 0.80 0.41 0.82 0.28 0.59 0.96 0.76 0.79 0.16 0.90 0.35 0.53 0.23 0.34 0.40 0.33 0.16 0.26 0.84 0.26 0.19 0.59 0.37 1.00 0.47 0.95 0.35 0.63 0.14 0.64 0.90 0.37 0.41 0.23 0.24 1.00 0.55 0.91 0.35 0.66 0.75 0.19 0.32 0.08 0.75 0.23 0.37 0.67 0.31 0.95 0.58 0.28 0.58 0.19 0.73 0.58 ]
[ 0.88 0.54 0.94 0.39 0.19 0.67 0.26 0.41 0.24 0.47 0.34 0.85 0.26 0.47 0.37 0.26 0.68 0.94 0.31 0.00 0.66 0.47 0.62 0.08 0.24 0.86 0.62 0.80 0.56 0.29 0.02 0.76 0.42 0.18 0.93 0.40 0.01 0.30 0.27 0.79 0.19 0.41 0.47 1.00 0.87 0.97 0.92 0.57 0.57 0.50 0.87 0.94 0.23 0.11 1.00 0.78 0.49 0.49 0.00 0.22 0.98 0.71 0.31 0.78 0.96 0.16 0.67 0.04 0.42 0.72 0.54 0.16 0.28 0.60 0.65 ]
[ 0.50 0.29 0.12 0.63 0.99 0.61 0.46 0.57 0.40 0.15 0.79 0.84 0.45 0.66 0.19 0.00 0.95 0.25 0.80 0.38 0.64 0.90 0.91 0.35 0.68 0.16 0.23 0.86 0.57 0.85 0.50 0.61 0.84 0.67 0.34 0.21 0.40 0.00 0.98 0.26 0.58 0.95 0.95 0.87 1.00 0.48 0.52 0.78 0.45 0.89 0.43 0.75 0.54 0.33 0.10 0.86 0.12 0.43 0.16 0.48 0.70 0.39 0.31 0.20 0.86 0.75 0.58 0.94 0.13 0.22 0.80 0.97 0.88 0.00 0.88 ]
[ 0.99 0.93 0.25 0.97 0.83 0.42 0.48 0.79 0.85 0.19 0.70 0.03 0.88 0.41 0.89 0.83 0.37 0.91 0.62 0.04 0.55 0.67 0.26 0.15 0.42 0.77 0.93 0.37 0.97 0.83 0.41 0.28 0.86 0.87 0.67 0.85 0.34 0.72 0.71 0.81 0.74 0.33 0.35 0.97 0.48 1.00 0.28 0.15 0.89 0.41 0.42 0.54 0.98 0.90 0.94 0.92 0.58 0.42 0.12 0.81 0.72 0.88 0.22 0.25 0.52 0.78 0.54 0.59 0.47 0.20 0.48 0.93 0.54 0.73 0.85 ]
[ 0.26 0.24 0.53 0.00 0.82 0.39 0.49 0.98 0.57 0.92 0.96 0.00 0.89 0.24 0.50 0.26 0.89 0.07 0.59 0.11 0.75 0.96 0.41 0.81 0.69 0.99 0.93 0.59 0.86 0.32 0.30 0.89 0.18 0.59 0.34 0.84 0.98 0.40 0.81 0.87 0.88 0.78 0.63 0.92 0.52 0.28 1.00 0.38 0.99 0.73 0.67 0.91 0.92 0.28 0.66 0.50 0.70 0.32 0.02 0.39 0.59 0.17 0.80 0.47 0.77 0.75 0.32 0.79 0.93 0.70 0.80 0.47 0.98 0.83 0.45 ]
[ 0.28 0.25 0.28 0.45 0.42 0.25 0.99 0.65 0.29 0.00 0.53 0.84 0.74 0.15 0.54 0.48 0.92 0.92 0.13 0.88 0.70 0.89 0.89 0.63 0.79 0.07 0.68 0.95 0.86 0.30 0.90 0.17 0.21 0.41 0.32 0.91 0.92 0.92 0.51 0.80 0.92 0.49 0.14 0.57 0.78 0.15 0.38 1.00 0.62 0.48 0.63 0.86 0.33 0.44 0.55 0.40 0.43 0.00 0.88 0.93 0.57 0.38 0.30 0.96 0.85 0.00 0.92 0.67 0.95 0.18 0.33 0.87 0.87 0.39 0.27 ]
[ 0.41 0.44 0.93 0.02 0.18 0.88 0.92 0.62 0.56 0.16 0.40 0.73 0.70 0.50 0.98 0.20 0.75 0.25 0.31 0.00 0.17 0.09 0.69 0.59 0.18 0.36 0.13 0.36 0.21 0.83 0.90 0.67 0.37 0.25 0.76 0.61 0.31 0.89 0.46 0.54 0.30 0.75 0.64 0.57 0.45 0.89 0.99 0.62 1.00 0.96 0.22 0.20 0.91 0.74 0.09 0.21 0.32 0.64 0.93 0.62 0.47 0.51 0.72 0.13 0.66 0.68 0.95 0.02 0.59 0.48 0.73 0.90 0.06 0.84 0.68 ]
[ 0.04 0.10 0.98 0.98 0.33 0.30 0.49 0.88 0.91 0.87 0.25 0.00 0.44 0.81 0.31 0.93 0.53 0.42 0.60 0.28 0.50 0.74 0.62 0.44 0.57 0.54 0.78 0.81 0.97 0.68 0.40 0.25 0.13 0.76 0.52 0.67 0.18 0.69 0.55 0.80 0.53 0.28 0.90 0.50 0.89 0.41 0.73 0.48 0.96 1.00 0.63 0.48 0.70 0.20 0.89 0.31 0.00 0.79 0.11 0.51 0.48 0.56 0.18 0.46 0.61 0.71 0.18 0.70 0.70 0.37 0.40 0.61 0.66 0.89 0.54 ]
[ 0.31 0.87 0.91 0.64 0.85 0.34 0.87 0.73 0.69 0.79 0.99 0.27 0.19 0.27 0.77 0.49 0.58 0.95 0.04 0.63 0.64 0.48 0.22 0.16 0.37 0.09 0.62 0.00 0.91 0.66 0.93 0.39 0.55 0.56 0.72 0.76 0.84 0.71 0.16 0.47 0.89 0.75 0.37 0.87 0.43 0.42 0.67 0.63 0.22 0.63 1.00 0.89 0.52 0.86 0.07 0.57 0.74 0.92 0.43 0.87 0.38 0.57 0.54 0.21 0.72 0.70 0.26 0.91 0.74 0.89 0.82 0.49 0.32 0.95 0.28 ]
[ 0.73 0.32 0.82 0.87 0.75 0.24 0.96 0.29 0.66 0.65 0.15 0.27 0.90 0.83 0.29 0.59 0.34 0.84 0.83 0.70 0.94 0.16 0.86 0.18 0.94 0.89 0.02 0.71 0.48 0.42 0.02 0.25 0.77 0.52 0.38 0.05 0.78 0.88 0.31 0.61 0.30 0.92 0.41 0.94 0.75 0.54 0.91 0.86 0.20 0.48 0.89 1.00 0.97 0.00 0.92 0.97 0.04 0.51 0.78 0.00 0.80 0.92 0.67 0.23 0.54 0.49 0.52 0.45 0.84 0.31 0.95 0.86 0.66 0.78 0.23 ]
[ 0.85 0.92 0.72 0.08 1.00 0.96 0.65 0.97 0.25 0.24 0.00 0.41 0.99 0.56 0.54 0.71 0.06 0.98 0.77 0.97 0.81 0.99 0.23 0.86 0.07 0.89 0.43 0.88 0.92 0.41 0.47 0.48 0.41 0.22 0.91 0.70 0.68 0.44 0.90 0.74 0.33 0.78 0.23 0.23 0.54 0.98 0.92 0.33 0.91 0.70 0.52 0.97 1.00 0.88 0.86 0.72 0.43 0.93 0.51 0.68 0.27 0.68 0.47 0.45 0.45 0.08 0.96 0.00 0.74 0.67 0.38 0.64 0.73 0.61 0.02 ]
[ 0.41 0.66 0.89 0.99 0.70 1.00 0.80 0.64 0.24 0.14 0.19 0.09 0.42 0.69 0.37 0.41 0.67 0.89 0.94 0.43 0.92 0.34 0.39 0.89 0.58 0.74 0.09 0.85 0.55 0.64 0.14 0.03 0.18 0.55 0.52 0.55 0.01 0.79 0.59 0.23 0.93 0.92 0.24 0.11 0.33 0.90 0.28 0.44 0.74 0.20 0.86 0.00 0.88 1.00 0.53 0.97 0.99 0.88 0.45 0.91 0.76 0.62 0.21 0.55 0.43 0.33 0.86 0.65 0.76 0.40 0.01 0.24 0.88 0.81 0.60 ]
[ 0.64 0.41 0.32 0.66 0.34 0.87 0.95 0.87 0.04 0.46 0.43 0.35 0.95 0.94 0.51 0.47 0.08 0.67 0.61 0.04 0.98 0.87 0.93 0.83 0.69 0.00 0.68 0.18 0.34 0.04 0.62 0.54 0.30 0.78 0.95 0.03 0.38 0.28 0.29 0.19 0.99 0.75 1.00 1.00 0.10 0.94 0.66 0.55 0.09 0.89 0.07 0.92 0.86 0.53 1.00 0.53 0.98 0.13 0.96 0.70 0.36 0.30 0.23 0.18 0.97 0.43 0.55 0.74 0.98 0.41 0.87 1.00 0.24 0.79 0.32 ]
[ 0.29 0.35 0.71 0.55 0.31 0.41 0.15 0.49 0.91 0.61 0.91 0.45 0.00 0.37 0.24 0.99 0.90 0.61 0.18 0.48 0.48 0.75 0.98 0.52 0.40 0.17 0.86 0.82 0.41 0.45 0.42 0.80 0.67 0.71 0.77 0.85 0.78 0.47 0.00 0.59 0.51 0.39 0.55 0.78 0.86 0.92 0.50 0.40 0.21 0.31 0.57 0.97 0.72 0.97 0.53 1.00 0.83 0.96 0.77 0.25 0.74 0.37 0.70 0.68 0.95 0.44 0.86 0.80 0.92 0.78 0.99 0.22 0.95 0.20 0.62 ]
[ 1.00 0.07 0.89 0.49 0.47 0.96 0.82 0.12 0.87 0.00 0.75 0.93 0.82 0.92 0.88 0.67 0.62 0.45 0.58 0.90 0.44 0.69 0.85 0.79 0.27 0.39 0.00 1.00 0.14 0.50 0.64 0.62 0.09 0.09 0.72 0.49 0.25 0.94 0.50 0.76 0.23 0.28 0.91 0.49 0.12 0.58 0.70 0.43 0.32 0.00 0.74 0.04 0.43 0.99 0.98 0.83 1.00 0.49 0.25 0.96 0.63 0.54 0.22 0.39 0.49 0.32 0.38 0.91 0.35 0.23 0.00 0.28 0.15 0.16 0.54 ]
[ 0.02 0.53 0.60 0.44 0.86 0.60 0.56 0.80 0.48 0.48 0.95 0.30 0.34 0.04 0.61 0.94 0.13 0.36 0.86 0.96 0.86 0.29 0.56 0.87 0.39 0.00 0.82 0.98 0.39 0.28 0.33 1.00 0.00 0.63 0.42 0.66 0.40 0.32 0.98 0.38 0.93 0.77 0.35 0.49 0.43 0.42 0.32 0.00 0.64 0.79 0.92 0.51 0.93 0.88 0.13 0.96 0.49 1.00 0.32 0.07 0.86 0.75 0.26 0.92 0.89 0.68 0.73 0.65 0.22 0.56 0.03 0.10 0.19 0.18 0.66 ]
[ 0.88 0.50 0.19 0.91 0.55 0.85 0.51 0.14 0.91 0.39 0.16 0.21 0.79 0.20 0.92 0.86 0.87 0.28 0.96 0.20 0.54 0.71 0.51 0.17 0.77 0.86 0.87 0.39 0.90 0.88 0.63 0.70 0.13 0.89 0.33 0.91 0.54 0.08 0.62 0.46 0.54 0.92 0.66 0.00 0.16 0.12 0.02 0.88 0.93 0.11 0.43 0.78 0.51 0.45 0.96 0.77 0.25 0.32 1.00 0.18 0.90 0.70 0.80 0.80 0.66 0.00 0.55 0.40 0.70 0.47 0.33 0.69 0.20 0.52 0.68 ]
[ 0.90 0.74 0.41 0.95 0.77 0.09 0.42 0.66 0.99 0.62 0.88 0.33 0.34 0.76 0.03 0.86 0.48 0.94 0.93 0.51 0.78 0.91 0.88 0.08 0.86 0.85 0.38 0.95 0.31 0.92 0.97 0.71 0.70 0.86 0.87 0.18 0.94 0.38 0.34 0.29 0.16 0.53 0.75 0.22 0.48 0.81 0.39 0.93 0.62 0.51 0.87 0.00 0.68 0.91 0.70 0.25 0.96 0.07 0.18 1.00 0.91 0.42 0.36 0.31 0.12 0.37 0.21 0.29 0.67 0.49 0.20 0.31 0.32 0.75 0.62 ]
[ 0.69 0.27 0.25 0.93 0.97 0.59 0.53 0.47 0.97 0.90 0.39 0.60 0.34 0.61 0.61 0.25 0.23 0.16 0.97 0.84 0.00 0.77 0.42 0.59 0.22 0.51 0.25 0.95 0.97 0.87 0.43 0.01 0.82 0.28 1.00 0.95 0.22 0.97 0.40 0.83 0.81 0.70 0.19 0.98 0.70 0.72 0.59 0.57 0.47 0.48 0.38 0.80 0.27 0.76 0.36 0.74 0.63 0.86 0.90 0.91 1.00 0.73 0.24 0.41 0.23 0.16 0.17 0.47 0.29 0.54 0.95 0.87 0.72 0.93 0.63 ]
[ 0.29 0.15 0.08 0.28 0.42 0.96 0.35 0.45 0.89 0.55 0.41 0.47 0.60 0.93 0.41 0.10 0.55 0.28 0.77 0.33 0.48 0.00 0.72 0.94 0.38 0.72 0.61 0.59 0.73 0.38 0.48 0.91 0.89 0.89 0.92 0.47 0.88 0.28 0.19 0.00 0.67 0.76 0.32 0.71 0.39 0.88 0.17 0.38 0.51 0.56 0.57 0.92 0.68 0.62 0.30 0.37 0.54 0.75 0.70 0.42 0.73 1.00 0.12 0.17 0.91 0.75 0.09 0.43 0.99 0.81 0.53 0.00 0.22 0.27 0.42 ]
[ 0.77 0.70 0.24 0.81 0.00 0.16 0.81 0.57 0.99 0.65 0.65 0.31 0.91 0.79 0.92 0.26 0.93 0.00 0.49 0.88 0.66 0.94 0.39 0.66 0.69 0.43 0.99 0.53 0.42 0.49 0.70 0.68 0.46 0.59 0.97 0.32 0.60 0.90 0.26 0.22 0.26 0.88 0.08 0.31 0.31 0.22 0.80 0.30 0.72 0.18 0.54 0.67 0.47 0.21 0.23 0.70 0.22 0.26 0.80 0.36 0.24 0.12 1.00 0.60 0.00 0.38 0.75 0.43 0.23 0.90 0.27 0.37 0.31 0.67 0.35 ]
[ 0.82 0.00 0.92 0.50 0.96 0.80 0.93 0.32 0.52 0.26 0.64 0.72 0.47 0.51 0.55 0.49 0.00 0.29 0.48 0.55 0.38 0.87 0.80 0.77 0.92 0.02 0.70 0.48 0.56 0.99 0.30 0.12 0.03 0.86 0.84 0.99 0.62 0.44 0.39 0.55 0.25 0.87 0.75 0.78 0.20 0.25 0.47 0.96 0.13 0.46 0.21 0.23 0.45 0.55 0.18 0.68 0.39 0.92 0.80 0.31 0.41 0.17 0.60 1.00 0.58 0.84 0.55 0.61 0.98 0.55 1.00 0.77 0.79 0.81 0.79 ]
[ 0.35 0.75 0.46 0.31 0.50 0.24 0.97 0.97 0.58 0.20 0.35 0.38 0.86 0.93 0.63 0.86 0.06 0.96 0.13 0.98 0.88 0.75 0.92 0.96 0.67 0.19 0.91 0.52 0.57 0.89 0.91 0.65 0.40 0.16 0.30 0.46 0.57 0.91 0.00 0.98 0.26 0.06 0.23 0.96 0.86 0.52 0.77 0.85 0.66 0.61 0.72 0.54 0.45 0.43 0.97 0.95 0.49 0.89 0.66 0.12 0.23 0.91 0.00 0.58 1.00 0.58 0.79 1.00 0.92 0.52 0.62 0.90 0.67 0.70 0.57 ]
[ 0.68 0.63 0.69 0.91 0.32 0.77 0.49 0.24 0.55 0.48 0.18 0.44 0.00 0.70 0.87 0.92 0.32 0.90 0.74 0.67 0.23 0.89 0.36 0.61 0.65 0.61 0.36 0.34 0.74 0.81 0.94 0.73 0.56 0.43 0.88 0.07 0.33 0.70 0.76 0.78 0.53 0.82 0.37 0.16 0.75 0.78 0.75 0.00 0.68 0.71 0.70 0.49 0.08 0.33 0.43 0.44 0.32 0.68 0.00 0.37 0.16 0.75 0.38 0.84 0.58 1.00 0.97 0.69 0.81 0.63 0.83 0.85 0.73 0.46 0.54 ]
[ 0.33 0.41 0.62 0.27 0.57 0.87 0.97 0.12 0.33 0.83 0.91 0.86 0.88 0.00 0.34 0.60 0.57 0.30 0.93 0.99 0.01 0.90 0.88 0.89 0.68 0.52 0.63 0.88 0.51 0.89 0.60 0.50 0.00 0.43 0.73 0.27 0.57 0.59 0.28 0.79 0.54 0.42 0.67 0.67 0.58 0.54 0.32 0.92 0.95 0.18 0.26 0.52 0.96 0.86 0.55 0.86 0.38 0.73 0.55 0.21 0.17 0.09 0.75 0.55 0.79 0.97 1.00 0.20 0.80 0.94 0.83 0.33 0.83 0.02 0.45 ]
[ 0.42 0.72 0.05 0.90 0.41 0.39 0.58 0.65 0.35 0.43 0.99 0.15 0.44 0.68 0.86 0.34 0.00 0.03 0.64 0.86 0.91 0.69 0.41 0.74 0.78 0.82 0.59 0.53 0.35 0.93 0.66 0.52 0.93 0.62 0.91 0.94 0.70 0.41 0.66 0.51 0.85 0.26 0.31 0.04 0.94 0.59 0.79 0.67 0.02 0.70 0.91 0.45 0.00 0.65 0.74 0.80 0.91 0.65 0.40 0.29 0.47 0.43 0.43 0.61 1.00 0.69 0.20 1.00 0.92 0.55 0.32 0.97 0.87 0.87 0.43 ]
[ 0.58 0.55 0.28 0.88 0.83 0.06 0.23 0.89 0.09 0.94 0.21 0.41 0.85 0.76 0.00 0.99 0.92 0.40 0.56 0.60 0.96 0.14 0.40 0.02 0.90 0.65 0.98 0.64 0.00 0.87 0.48 0.00 0.59 0.70 0.92 1.00 0.18 0.66 0.82 0.90 0.98 0.92 0.95 0.42 0.13 0.47 0.93 0.95 0.59 0.70 0.74 0.84 0.74 0.76 0.98 0.92 0.35 0.22 0.70 0.67 0.29 0.99 0.23 0.98 0.92 0.81 0.80 0.92 1.00 0.92 0.70 0.29 0.10 0.67 0.79 ]
[ 0.91 0.73 0.60 0.21 0.56 0.35 0.00 0.74 0.33 0.82 0.99 0.75 0.23 0.96 0.42 0.93 0.70 0.79 0.62 0.63 0.00 0.82 0.30 0.30 0.41 0.85 0.55 0.99 0.75 0.22 0.28 0.68 0.70 0.47 0.42 0.49 0.86 0.85 0.47 0.19 0.17 0.95 0.58 0.72 0.22 0.20 0.70 0.18 0.48 0.37 0.89 0.31 0.67 0.40 0.41 0.78 0.23 0.56 0.47 0.49 0.54 0.81 0.90 0.55 0.52 0.63 0.94 0.55 0.92 1.00 0.69 0.92 0.98 0.54 0.87 ]
[ 0.55 0.55 0.91 0.72 0.96 0.32 0.68 0.98 0.67 0.76 0.21 0.86 0.58 0.43 0.95 0.46 0.94 0.97 0.44 0.31 0.24 0.64 0.49 0.74 0.87 0.60 0.16 0.79 0.63 0.51 0.39 0.19 0.45 0.95 0.91 0.75 0.52 0.86 0.60 0.42 0.10 0.59 0.28 0.54 0.80 0.48 0.80 0.33 0.73 0.40 0.82 0.95 0.38 0.01 0.87 0.99 0.00 0.03 0.33 0.20 0.95 0.53 0.27 1.00 0.62 0.83 0.83 0.32 0.70 0.69 1.00 0.85 0.86 0.92 0.66 ]
[ 0.57 0.61 0.15 0.91 0.87 0.40 0.68 0.58 0.07 0.04 0.97 0.45 1.00 0.00 0.69 0.83 0.86 0.99 0.88 0.65 0.15 0.57 0.49 0.65 0.49 0.56 0.00 0.25 0.81 0.61 0.79 0.32 0.93 0.03 0.49 0.42 0.84 0.68 0.54 0.99 0.46 0.64 0.58 0.16 0.97 0.93 0.47 0.87 0.90 0.61 0.49 0.86 0.64 0.24 1.00 0.22 0.28 0.10 0.69 0.31 0.87 0.00 0.37 0.77 0.90 0.85 0.33 0.97 0.29 0.92 0.85 1.00 0.78 0.40 0.94 ]
[ 0.20 0.82 0.83 0.44 0.72 0.38 0.82 0.99 0.82 1.00 0.00 0.45 0.66 0.45 0.78 0.73 0.81 0.91 0.30 0.89 0.90 0.44 0.60 0.30 0.49 0.14 0.84 0.89 0.08 0.55 0.39 0.02 0.37 0.49 0.50 0.25 1.00 0.17 0.25 0.97 0.57 0.99 0.19 0.28 0.88 0.54 0.98 0.87 0.06 0.66 0.32 0.66 0.73 0.88 0.24 0.95 0.15 0.19 0.20 0.32 0.72 0.22 0.31 0.79 0.67 0.73 0.83 0.87 0.10 0.98 0.86 0.78 1.00 0.01 0.96 ]
[ 0.26 0.06 0.39 0.62 0.66 0.16 0.33 0.98 0.55 0.25 0.48 0.20 0.72 0.86 0.36 0.22 0.98 0.39 0.35 0.94 0.75 0.58 0.95 0.89 0.29 0.19 0.26 0.58 0.06 0.71 0.35 0.11 0.95 0.32 0.04 0.74 0.14 0.72 0.87 0.36 0.51 0.37 0.73 0.60 0.00 0.73 0.83 0.39 0.84 0.89 0.95 0.78 0.61 0.81 0.79 0.20 0.16 0.18 0.52 0.75 0.93 0.27 0.67 0.81 0.70 0.46 0.02 0.87 0.67 0.54 0.92 0.40 0.01 1.00 0.02 ]
[ 0.17 0.89 0.99 0.62 0.07 0.42 0.72 0.75 0.51 0.53 0.73 0.23 0.34 0.85 0.37 0.10 0.92 0.03 0.95 0.24 0.41 0.71 0.90 0.53 0.36 0.48 0.89 0.59 0.93 0.00 0.94 0.30 0.15 0.94 0.73 0.29 0.69 0.32 0.68 0.85 0.56 0.73 0.58 0.65 0.88 0.85 0.45 0.27 0.68 0.54 0.28 0.23 0.02 0.60 0.32 0.62 0.54 0.66 0.68 0.62 0.63 0.42 0.35 0.79 0.57 0.54 0.45 0.43 0.79 0.87 0.66 0.94 0.96 0.02 1.00 ]
];
