D = 19;
n = [ 0 3 0 0 2 3 2 2 2 3 1 2 0 2 2 0 0 3 2 ];

N = 89;
d = [ 2 2 2 5 5 6 6 6 7 7 8 8 9 9 10 10 10 11 12 12 14 14 15 15 18 18 18 19 19 3 8 18 12 4 18 14 15 2 19 18 19 8 4 16 12 4 10 6 10 9 6 14 4 16 5 1 18 13 2 1 16 9 15 8 9 13 18 4 15 17 18 11 3 18 7 11 18 16 17 6 2 19 19 6 16 1 6 11 14 ];
m = [
[ 1.00 0.87 0.96 0.43 0.94 0.70 0.93 0.83 0.94 0.60 0.79 0.66 0.44 0.62 0.30 0.94 0.91 0.97 0.19 0.02 0.15 0.31 0.36 0.27 0.56 0.56 0.16 0.53 0.93 0.96 0.62 0.23 0.19 0.26 0.27 0.69 0.89 0.96 0.88 0.46 0.67 0.36 0.38 0.88 0.86 0.53 0.03 0.70 0.57 0.41 0.32 0.82 0.25 0.85 0.94 0.25 0.49 0.22 0.89 0.61 0.28 0.23 0.75 0.59 0.73 0.32 0.25 0.54 0.98 0.95 0.86 0.98 0.32 0.91 0.31 0.79 0.31 0.70 0.79 0.54 0.91 0.72 0.00 0.42 0.98 0.93 0.18 0.04 0.08 ]
[ 0.87 1.00 0.83 0.91 0.85 0.04 0.58 0.80 0.76 0.48 0.00 0.18 0.76 0.55 0.46 0.78 0.88 0.36 0.48 0.70 0.42 0.65 0.31 0.38 0.79 0.96 0.49 0.33 0.95 0.31 0.12 0.76 0.94 0.39 0.93 0.54 0.66 0.90 0.36 0.30 0.60 0.71 0.64 0.93 0.98 0.07 0.98 0.95 0.52 0.93 0.22 0.85 0.91 0.97 0.83 0.79 0.79 0.67 0.69 0.00 1.00 0.39 0.76 0.36 0.83 0.48 0.83 0.78 0.97 0.18 0.61 0.05 0.95 0.88 0.00 0.88 0.40 0.46 0.56 0.92 0.91 0.46 0.36 0.42 0.63 0.65 0.96 0.12 0.90 ]
[ 0.96 0.83 1.00 0.93 0.35 0.76 0.45 0.73 0.68 1.00 0.60 0.60 0.37 0.58 0.00 0.38 0.97 0.32 0.37 0.94 0.47 0.14 0.68 0.79 0.17 0.67 0.77 0.73 0.92 0.47 0.99 0.79 0.68 0.76 0.38 0.26 0.12 0.76 0.43 0.90 0.17 0.58 0.30 0.67 0.36 0.26 1.00 0.85 0.89 0.72 0.39 0.90 0.21 0.65 0.16 0.78 0.23 0.81 0.99 0.17 0.76 0.50 0.34 0.94 0.90 0.86 0.40 0.13 0.59 0.80 0.58 0.62 0.90 0.20 0.35 0.53 0.89 0.85 0.52 0.86 0.83 0.55 0.53 0.68 0.15 0.71 0.51 0.39 0.86 ]
[ 0.43 0.91 0.93 1.00 0.87 0.93 0.53 0.66 0.41 0.87 0.87 0.08 0.00 0.00 0.25 0.00 0.24 0.19 0.42 0.21 0.58 0.43 0.85 0.51 0.97 0.88 0.88 0.88 0.27 0.66 0.21 0.53 0.69 0.81 0.02 0.43 0.52 0.65 0.77 0.05 0.89 0.72 0.26 0.71 0.84 0.58 0.45 0.35 0.68 0.91 0.89 0.59 0.56 0.38 0.55 0.28 0.31 0.40 0.18 0.11 0.95 0.22 0.49 0.37 0.94 0.23 0.48 0.62 0.21 0.52 0.95 0.52 0.65 0.05 0.18 0.69 0.40 0.12 0.89 0.20 0.73 0.69 0.80 0.90 0.46 0.62 0.09 0.19 0.20 ]
[ 0.94 0.85 0.35 0.87 1.00 0.86 0.42 0.73 0.65 0.57 0.71 0.74 0.75 0.81 0.86 0.97 0.27 0.60 0.62 0.21 0.19 0.98 1.00 0.29 0.90 0.10 0.92 0.70 0.24 0.02 0.85 0.63 0.91 0.83 0.17 0.72 0.29 0.93 0.41 0.77 0.50 0.77 0.19 0.35 0.00 0.91 0.91 0.86 0.95 0.56 0.45 0.55 0.74 0.85 0.58 0.99 0.04 0.31 0.51 0.49 0.89 0.20 0.88 0.36 0.53 0.10 0.52 0.47 0.47 0.91 0.31 0.44 0.68 0.62 0.52 0.83 0.18 0.50 0.03 0.86 0.64 0.64 0.81 0.57 0.60 0.92 0.36 0.39 0.50 ]
[ 0.70 0.04 0.76 0.93 0.86 1.00 0.39 0.88 0.73 0.91 0.91 0.24 0.90 0.33 0.01 0.28 0.56 0.00 0.18 0.82 0.01 0.45 0.40 0.31 0.89 0.19 0.98 0.96 0.82 0.60 0.94 0.87 0.45 0.78 0.63 0.91 0.76 0.70 0.35 0.14 0.46 0.03 0.58 0.63 0.48 0.93 0.27 0.38 0.95 0.20 0.86 0.86 0.36 0.27 0.76 0.26 0.19 0.58 0.33 0.30 0.59 0.97 0.46 0.42 0.40 0.92 0.81 0.90 0.42 0.73 0.57 0.94 0.90 0.37 0.92 0.36 0.35 0.00 0.96 0.35 0.94 0.89 0.95 0.41 0.29 0.68 0.50 0.16 0.20 ]
[ 0.93 0.58 0.45 0.53 0.42 0.39 1.00 0.47 0.62 0.99 0.89 0.62 0.36 0.97 0.95 0.78 0.79 0.90 0.87 0.54 0.72 0.71 0.69 0.53 0.04 0.31 0.94 0.54 0.75 0.69 0.92 0.99 0.80 0.50 0.36 0.96 0.95 0.15 0.12 0.98 0.01 0.57 0.15 0.50 0.52 0.45 0.80 0.44 0.57 0.82 0.84 0.17 0.88 0.18 0.94 0.21 0.00 0.31 0.73 0.76 0.84 0.42 0.61 0.70 0.11 0.27 0.45 0.05 0.30 0.95 0.35 0.91 0.45 0.36 0.39 0.59 0.48 0.32 0.98 0.43 0.69 0.89 0.96 0.74 0.17 0.68 0.89 0.94 0.70 ]
[ 0.83 0.80 0.73 0.66 0.73 0.88 0.47 1.00 0.82 0.22 0.47 0.58 0.65 0.66 0.17 0.95 0.64 0.83 0.43 0.19 0.38 0.38 0.16 0.75 0.31 0.55 0.53 0.43 0.61 0.90 0.59 0.17 0.47 0.76 0.15 0.85 0.33 0.34 0.92 0.89 0.21 0.00 0.94 0.97 0.63 0.03 0.53 0.43 0.64 0.96 0.91 0.56 0.99 0.85 0.43 0.50 0.30 0.92 0.41 0.11 0.27 0.47 0.28 0.57 0.33 0.47 0.19 0.44 0.84 0.32 0.54 0.92 0.21 0.09 0.88 0.53 0.89 0.22 0.13 0.37 0.19 0.70 0.72 0.23 0.58 0.28 0.02 0.80 0.94 ]
[ 0.94 0.76 0.68 0.41 0.65 0.73 0.62 0.82 1.00 0.95 0.98 0.32 0.29 0.51 0.18 0.87 0.56 0.29 0.87 0.88 0.63 0.78 0.20 1.00 0.41 0.54 0.98 0.36 0.87 0.87 0.59 0.35 0.28 0.58 0.72 0.86 0.88 0.89 0.96 1.00 0.82 0.90 0.39 0.78 0.46 0.62 0.34 0.89 0.47 0.69 0.96 0.69 0.66 0.31 0.90 0.94 0.96 0.23 0.56 0.56 0.17 0.87 0.88 0.69 0.35 0.99 0.38 0.82 0.69 0.54 0.91 0.42 0.24 0.35 0.50 0.67 0.24 0.98 0.32 0.17 0.87 0.08 0.65 0.52 0.64 0.56 0.33 0.36 0.48 ]
[ 0.60 0.48 1.00 0.87 0.57 0.91 0.99 0.22 0.95 1.00 0.86 0.92 0.51 0.95 0.99 0.82 0.48 0.81 0.55 0.08 0.25 0.28 0.39 0.96 0.72 0.88 0.26 0.96 0.30 0.16 0.42 0.20 0.86 0.75 0.95 0.12 0.58 0.93 0.43 0.94 0.46 0.02 0.48 0.89 0.39 0.97 0.34 0.94 0.78 0.85 0.72 0.91 0.96 0.42 0.29 0.41 0.97 0.32 0.43 0.81 0.97 0.47 0.61 0.45 0.47 0.24 0.30 0.64 0.92 0.22 0.18 0.90 0.84 0.22 0.86 0.02 0.71 0.81 0.58 0.16 0.12 0.39 0.62 0.83 0.87 0.70 0.53 1.00 0.95 ]
[ 0.79 0.00 0.60 0.87 0.71 0.91 0.89 0.47 0.98 0.86 1.00 0.79 0.24 0.55 0.59 0.42 0.76 0.36 0.93 0.95 0.62 0.40 0.65 0.80 0.04 0.97 0.15 0.94 0.68 0.19 0.61 0.94 0.98 0.28 0.55 0.59 0.92 0.85 0.24 0.48 0.76 0.32 0.84 0.85 0.14 0.02 0.92 0.25 0.61 0.65 0.88 0.48 0.05 0.78 0.46 0.97 0.59 0.27 0.13 0.39 0.88 0.46 0.29 0.16 0.79 0.21 0.86 0.71 0.18 0.71 0.19 0.70 0.10 0.89 0.87 0.90 0.22 0.18 0.40 0.88 0.69 0.42 0.73 0.28 0.76 0.90 0.94 0.58 0.22 ]
[ 0.66 0.18 0.60 0.08 0.74 0.24 0.62 0.58 0.32 0.92 0.79 1.00 0.67 0.53 0.57 0.74 0.82 0.64 0.49 0.91 0.35 0.19 0.86 0.47 0.74 0.56 0.35 0.40 0.99 0.22 0.08 0.88 0.24 0.10 0.90 0.49 0.89 0.86 0.07 0.71 0.94 0.68 0.20 0.78 0.16 0.53 0.14 0.21 0.94 0.62 0.96 0.53 0.63 0.41 0.29 0.07 0.54 0.62 0.37 0.00 0.90 0.03 0.50 0.00 0.93 0.65 0.41 0.91 0.92 0.53 0.30 0.18 0.52 0.76 0.30 0.69 0.93 0.17 0.73 0.06 0.40 0.58 0.57 0.59 0.21 0.83 0.99 1.00 0.94 ]
[ 0.44 0.76 0.37 0.00 0.75 0.90 0.36 0.65 0.29 0.51 0.24 0.67 1.00 0.61 0.17 0.62 0.69 0.85 0.57 1.00 0.53 0.95 0.00 0.37 0.64 0.29 0.44 0.82 0.72 0.08 0.98 0.36 0.65 0.42 0.57 0.00 0.54 0.80 0.48 0.54 0.89 0.98 0.92 0.29 0.79 0.98 0.00 0.72 0.32 0.75 0.98 0.91 0.16 0.22 0.31 0.71 0.98 0.73 0.37 0.90 0.74 0.93 0.29 0.89 0.13 0.20 0.93 0.77 0.33 0.97 0.60 0.45 0.46 0.10 0.27 0.06 0.41 0.00 0.94 0.59 0.21 0.20 0.34 0.00 0.73 0.63 0.90 0.88 0.76 ]
[ 0.62 0.55 0.58 0.00 0.81 0.33 0.97 0.66 0.51 0.95 0.55 0.53 0.61 1.00 0.84 0.44 0.55 0.87 0.66 0.08 0.88 0.86 0.56 0.27 0.08 0.83 0.58 0.56 0.16 0.50 0.16 0.26 0.11 0.93 0.75 0.91 0.08 0.80 0.40 0.34 0.21 0.00 0.64 0.69 0.54 0.16 0.33 0.64 0.61 0.00 0.87 0.42 0.79 0.19 0.19 0.99 0.39 0.56 0.66 0.36 0.10 0.35 0.97 0.80 0.76 0.84 0.72 0.93 0.90 0.56 0.17 0.64 0.94 0.78 0.43 0.54 0.96 0.34 0.18 0.28 0.25 0.80 0.53 0.63 0.22 0.30 0.72 0.50 0.29 ]
[ 0.30 0.46 0.00 0.25 0.86 0.01 0.95 0.17 0.18 0.99 0.59 0.57 0.17 0.84 1.00 0.62 0.57 0.61 0.86 0.99 0.24 0.18 0.33 0.30 0.46 0.94 0.03 0.00 0.85 0.02 0.99 0.18 0.87 0.28 0.90 0.91 0.32 0.93 0.68 0.65 0.80 0.88 0.71 0.02 0.97 0.02 0.74 0.33 0.92 0.93 0.54 0.05 0.47 0.36 0.37 0.69 0.59 0.00 0.45 0.13 0.67 0.42 0.84 0.65 0.00 0.02 0.80 0.48 0.51 0.86 0.25 0.72 0.94 0.98 0.76 0.87 0.55 0.48 0.35 0.67 0.26 0.97 0.94 0.38 0.88 0.99 0.69 0.31 0.28 ]
[ 0.94 0.78 0.38 0.00 0.97 0.28 0.78 0.95 0.87 0.82 0.42 0.74 0.62 0.44 0.62 1.00 0.65 0.99 0.02 0.88 0.50 0.95 0.66 0.24 0.79 0.69 0.75 0.94 0.34 0.53 0.00 0.66 0.50 0.49 0.80 0.54 0.92 0.88 0.68 0.73 0.81 0.19 0.45 0.71 0.35 0.69 1.00 0.90 0.34 0.76 0.71 0.96 0.46 0.83 1.00 0.92 0.41 0.22 0.93 0.16 0.21 0.94 0.89 0.54 0.97 0.68 0.74 0.78 0.91 0.08 0.61 0.38 0.53 0.97 0.90 0.99 0.59 0.49 0.09 0.07 0.92 0.86 0.96 0.57 0.72 0.93 0.22 0.50 0.35 ]
[ 0.91 0.88 0.97 0.24 0.27 0.56 0.79 0.64 0.56 0.48 0.76 0.82 0.69 0.55 0.57 0.65 1.00 0.67 0.26 0.85 0.36 0.63 0.52 0.35 0.90 0.36 0.89 0.88 0.85 0.55 0.57 0.66 0.43 0.49 0.88 0.90 0.84 0.41 0.28 0.50 0.85 0.59 0.64 0.06 0.93 0.70 0.16 0.17 0.15 1.00 0.00 0.37 0.84 0.19 0.54 0.15 0.65 0.66 0.50 0.40 0.02 0.84 0.38 0.35 0.51 0.96 0.70 0.42 0.91 0.34 0.26 0.19 0.01 0.75 0.38 0.69 0.00 0.68 0.75 0.84 0.70 0.36 0.55 0.98 0.96 0.59 0.48 0.66 0.00 ]
[ 0.97 0.36 0.32 0.19 0.60 0.00 0.90 0.83 0.29 0.81 0.36 0.64 0.85 0.87 0.61 0.99 0.67 1.00 0.08 0.54 0.43 0.89 0.21 0.97 0.83 0.00 0.68 0.59 0.15 0.95 0.97 0.44 0.29 0.09 0.60 0.66 0.30 0.96 0.25 0.79 0.65 0.60 0.82 0.71 0.68 0.10 0.70 0.76 0.32 0.27 0.90 0.05 0.83 0.62 0.76 0.58 0.76 0.86 0.93 0.70 0.40 0.75 0.57 0.25 0.31 0.66 0.31 0.01 0.30 0.90 0.00 0.99 0.28 0.67 0.95 0.71 0.15 0.71 0.77 0.34 0.96 0.92 0.72 0.41 0.69 0.05 0.44 0.52 0.41 ]
[ 0.19 0.48 0.37 0.42 0.62 0.18 0.87 0.43 0.87 0.55 0.93 0.49 0.57 0.66 0.86 0.02 0.26 0.08 1.00 0.59 0.98 0.84 0.96 0.00 0.90 0.39 0.76 0.39 0.40 0.95 0.97 0.84 0.29 0.74 0.97 0.59 0.78 0.54 0.42 0.32 0.74 0.67 0.43 0.42 0.71 0.78 0.19 0.98 0.42 0.98 0.88 0.13 0.20 0.65 0.83 0.25 0.93 0.93 0.83 0.66 0.83 0.91 0.50 0.89 0.81 0.18 0.58 0.29 0.37 0.26 0.75 0.22 0.28 0.41 0.51 0.80 0.66 0.93 0.94 0.86 0.82 0.59 0.18 0.89 0.66 0.95 0.66 0.15 0.42 ]
[ 0.02 0.70 0.94 0.21 0.21 0.82 0.54 0.19 0.88 0.08 0.95 0.91 1.00 0.08 0.99 0.88 0.85 0.54 0.59 1.00 0.86 0.92 0.42 0.39 0.44 0.66 0.44 0.61 0.04 0.98 0.20 1.00 0.28 0.49 0.58 0.93 0.97 0.64 0.32 0.20 0.81 0.27 0.92 0.91 0.08 0.90 0.98 0.38 0.83 0.88 0.63 0.34 0.73 0.58 0.15 0.65 0.92 0.36 0.96 0.96 0.83 0.73 0.90 0.77 0.83 0.00 0.61 0.29 0.66 0.66 0.27 0.51 0.99 0.44 0.22 0.00 0.05 0.68 0.80 0.36 0.92 0.81 0.80 0.94 0.56 0.97 0.81 0.78 0.23 ]
[ 0.15 0.42 0.47 0.58 0.19 0.01 0.72 0.38 0.63 0.25 0.62 0.35 0.53 0.88 0.24 0.50 0.36 0.43 0.98 0.86 1.00 0.47 0.43 0.65 0.61 0.77 0.57 0.44 0.47 0.47 0.29 0.44 0.72 0.26 0.42 0.12 0.39 0.52 0.74 0.48 0.96 0.86 0.53 0.05 0.13 0.41 0.75 0.98 0.84 0.91 0.19 0.76 0.49 0.25 0.59 0.73 0.83 0.10 0.44 0.50 0.72 0.90 0.63 0.90 0.26 0.86 0.84 0.58 0.36 0.71 0.42 0.33 0.53 0.75 0.98 0.31 0.04 0.41 0.65 0.94 0.92 0.86 0.93 0.81 0.48 0.68 0.42 0.29 0.78 ]
[ 0.31 0.65 0.14 0.43 0.98 0.45 0.71 0.38 0.78 0.28 0.40 0.19 0.95 0.86 0.18 0.95 0.63 0.89 0.84 0.92 0.47 1.00 0.78 0.91 0.92 0.63 0.55 0.56 0.89 0.12 0.53 0.19 0.25 0.31 0.00 0.58 0.54 0.00 0.58 0.56 0.93 0.62 0.81 0.61 0.42 0.57 0.35 0.48 0.59 0.75 0.51 0.92 0.70 0.29 0.47 0.45 0.75 0.34 0.38 0.39 0.98 0.77 0.22 0.47 1.00 0.56 0.53 0.14 0.20 0.00 0.52 0.25 0.96 0.72 0.55 0.99 0.56 0.28 1.00 0.27 0.52 0.35 0.17 0.80 0.44 0.20 0.81 0.07 0.47 ]
[ 0.36 0.31 0.68 0.85 1.00 0.40 0.69 0.16 0.20 0.39 0.65 0.86 0.00 0.56 0.33 0.66 0.52 0.21 0.96 0.42 0.43 0.78 1.00 0.89 0.17 0.38 0.20 0.37 0.19 0.96 0.83 0.94 0.41 0.38 0.94 0.65 0.58 0.31 0.07 0.23 0.65 0.25 0.82 0.98 0.99 0.57 0.58 0.78 0.11 0.11 0.60 0.97 0.62 0.90 0.93 0.64 0.98 0.18 0.36 0.75 0.92 0.26 0.61 0.18 0.90 0.95 0.89 0.88 0.54 0.22 0.16 0.40 0.59 0.96 0.35 0.27 0.19 0.72 0.91 0.86 0.62 0.61 0.90 0.76 0.06 0.82 0.69 0.90 0.96 ]
[ 0.27 0.38 0.79 0.51 0.29 0.31 0.53 0.75 1.00 0.96 0.80 0.47 0.37 0.27 0.30 0.24 0.35 0.97 0.00 0.39 0.65 0.91 0.89 1.00 0.39 0.63 0.68 0.74 0.47 0.92 0.14 0.39 0.17 0.92 0.51 0.98 0.90 0.97 0.21 0.96 0.51 0.99 0.25 0.97 0.17 0.26 0.41 0.56 0.26 0.37 0.80 0.25 0.98 0.77 0.45 0.06 0.00 0.29 0.00 0.86 0.23 0.99 0.10 0.95 0.56 0.43 0.61 0.43 0.92 0.70 0.68 0.97 0.43 0.79 0.88 0.90 0.89 0.44 0.61 0.85 0.73 0.50 0.85 0.42 0.00 0.88 0.85 0.66 0.83 ]
[ 0.56 0.79 0.17 0.97 0.90 0.89 0.04 0.31 0.41 0.72 0.04 0.74 0.64 0.08 0.46 0.79 0.90 0.83 0.90 0.44 0.61 0.92 0.17 0.39 1.00 0.58 0.85 0.74 0.73 0.68 0.96 0.69 0.95 0.92 0.30 0.54 0.58 0.59 0.35 0.90 0.28 0.69 0.92 0.53 0.63 0.01 0.87 0.44 0.18 0.16 0.36 0.82 0.35 0.93 0.81 0.00 0.87 0.94 0.34 0.76 0.79 0.95 0.38 0.00 0.27 0.00 0.27 0.82 0.68 0.17 0.43 0.89 0.45 0.17 0.96 0.89 0.76 0.69 0.50 0.18 0.34 0.79 0.42 0.28 0.67 0.49 0.72 0.43 0.88 ]
[ 0.56 0.96 0.67 0.88 0.10 0.19 0.31 0.55 0.54 0.88 0.97 0.56 0.29 0.83 0.94 0.69 0.36 0.00 0.39 0.66 0.77 0.63 0.38 0.63 0.58 1.00 0.34 0.65 0.53 0.62 0.23 0.06 0.91 0.67 0.87 0.30 0.04 0.52 0.22 0.53 0.09 0.79 0.62 0.41 0.30 0.51 0.30 0.49 0.58 1.00 0.90 0.86 0.26 0.91 0.99 0.96 0.95 0.90 0.05 0.08 0.69 0.98 0.15 0.59 0.93 0.39 0.71 0.53 0.15 0.03 0.00 0.83 0.53 0.67 0.82 0.46 0.31 0.38 0.52 0.98 0.88 0.49 0.33 0.62 0.98 0.45 0.92 0.02 0.19 ]
[ 0.16 0.49 0.77 0.88 0.92 0.98 0.94 0.53 0.98 0.26 0.15 0.35 0.44 0.58 0.03 0.75 0.89 0.68 0.76 0.44 0.57 0.55 0.20 0.68 0.85 0.34 1.00 0.77 0.05 0.50 0.98 0.69 0.49 0.51 0.20 0.12 0.76 0.93 0.22 0.92 0.06 0.54 0.46 0.46 0.97 0.37 0.68 0.15 0.64 0.81 0.50 0.23 0.89 0.21 0.95 0.79 0.23 0.92 0.79 0.36 0.73 0.37 0.64 0.73 0.97 0.88 0.52 0.64 0.83 0.02 0.37 0.59 0.51 0.83 0.81 0.24 0.99 0.40 0.69 0.17 0.81 0.80 0.52 0.04 0.44 0.23 0.47 0.26 0.71 ]
[ 0.53 0.33 0.73 0.88 0.70 0.96 0.54 0.43 0.36 0.96 0.94 0.40 0.82 0.56 0.00 0.94 0.88 0.59 0.39 0.61 0.44 0.56 0.37 0.74 0.74 0.65 0.77 1.00 0.44 0.45 0.00 0.38 0.76 0.68 0.82 0.15 0.04 0.65 0.67 0.38 0.38 0.58 0.88 0.76 0.15 0.69 0.87 0.52 0.17 0.86 0.60 0.27 0.52 0.74 0.22 0.91 0.30 0.49 0.59 0.69 0.99 0.27 0.60 0.22 0.85 0.62 0.03 0.55 0.96 0.85 0.56 0.32 0.92 0.32 0.21 0.11 0.54 0.25 0.59 0.76 0.91 0.34 0.91 0.39 0.89 0.99 0.72 0.62 0.79 ]
[ 0.93 0.95 0.92 0.27 0.24 0.82 0.75 0.61 0.87 0.30 0.68 0.99 0.72 0.16 0.85 0.34 0.85 0.15 0.40 0.04 0.47 0.89 0.19 0.47 0.73 0.53 0.05 0.44 1.00 0.06 0.80 0.18 0.21 0.95 0.06 0.38 0.22 0.44 0.92 0.94 0.02 0.55 0.10 0.33 0.27 0.57 0.74 0.57 0.73 0.59 0.75 0.86 0.94 0.92 0.89 0.66 0.55 0.90 0.54 0.76 0.33 0.72 0.23 0.17 0.64 0.28 0.59 0.52 0.66 0.30 0.17 0.40 0.33 0.75 0.04 0.53 0.28 0.60 0.69 0.89 0.39 0.01 0.62 0.27 0.93 0.42 0.39 0.27 0.45 ]
[ 0.96 0.31 0.47 0.66 0.02 0.60 0.69 0.90 0.87 0.16 0.19 0.22 0.08 0.50 0.02 0.53 0.55 0.95 0.95 0.98 0.47 0.12 0.96 0.92 0.68 0.62 0.50 0.45 0.06 1.00 0.91 0.67 0.32 0.05 0.31 0.54 0.57 0.98 0.76 0.30 0.83 0.92 0.40 0.23 0.91 0.54 0.04 0.72 0.32 0.42 0.33 0.81 0.75 0.49 0.43 0.00 0.41 0.31 0.72 0.75 0.45 0.78 0.10 0.86 0.92 0.55 0.48 0.74 0.41 0.97 0.86 0.77 0.83 0.03 0.24 0.25 0.92 0.73 0.32 0.90 0.24 0.56 0.45 0.80 0.87 0.79 0.32 0.10 0.78 ]
[ 0.62 0.12 0.99 0.21 0.85 0.94 0.92 0.59 0.59 0.42 0.61 0.08 0.98 0.16 0.99 0.00 0.57 0.97 0.97 0.20 0.29 0.53 0.83 0.14 0.96 0.23 0.98 0.00 0.80 0.91 1.00 0.16 0.99 0.94 0.29 0.93 0.37 0.23 0.68 0.17 0.24 0.85 0.63 0.45 0.64 0.26 0.79 0.59 0.90 0.88 0.59 1.00 0.94 0.41 0.70 0.51 0.91 0.26 0.44 0.85 0.61 0.65 0.90 0.43 0.53 0.29 0.36 0.23 0.34 0.03 0.78 0.15 0.30 0.38 0.66 0.66 0.92 0.83 0.97 0.48 0.82 0.49 0.75 0.24 0.21 0.29 0.85 0.32 0.37 ]
[ 0.23 0.76 0.79 0.53 0.63 0.87 0.99 0.17 0.35 0.20 0.94 0.88 0.36 0.26 0.18 0.66 0.66 0.44 0.84 1.00 0.44 0.19 0.94 0.39 0.69 0.06 0.69 0.38 0.18 0.67 0.16 1.00 0.75 0.98 0.45 0.17 0.26 0.96 0.23 0.89 0.83 0.88 0.35 0.43 0.34 0.62 0.61 0.21 0.17 0.22 0.38 0.75 0.14 0.21 0.90 0.59 0.00 0.74 0.71 0.71 0.44 0.82 0.77 0.16 0.83 0.50 0.37 0.36 0.52 0.76 0.89 0.88 0.69 0.81 0.87 0.76 0.82 0.08 0.96 0.31 0.51 0.26 0.39 0.57 0.91 0.91 0.96 0.27 0.60 ]
[ 0.19 0.94 0.68 0.69 0.91 0.45 0.80 0.47 0.28 0.86 0.98 0.24 0.65 0.11 0.87 0.50 0.43 0.29 0.29 0.28 0.72 0.25 0.41 0.17 0.95 0.91 0.49 0.76 0.21 0.32 0.99 0.75 1.00 0.21 0.98 0.42 0.70 0.59 0.00 0.76 0.80 0.45 0.81 0.90 0.33 0.31 0.53 0.01 0.50 0.24 0.16 0.96 0.75 0.47 0.17 0.95 0.79 0.64 0.84 0.61 0.75 0.25 0.96 0.06 0.41 0.93 0.60 0.30 0.98 0.00 0.76 0.94 0.78 0.51 0.95 0.91 0.44 0.20 0.17 0.31 0.95 0.72 0.92 0.33 0.78 0.13 0.78 0.56 0.87 ]
[ 0.26 0.39 0.76 0.81 0.83 0.78 0.50 0.76 0.58 0.75 0.28 0.10 0.42 0.93 0.28 0.49 0.49 0.09 0.74 0.49 0.26 0.31 0.38 0.92 0.92 0.67 0.51 0.68 0.95 0.05 0.94 0.98 0.21 1.00 0.54 0.95 0.96 0.89 0.76 0.19 0.53 0.77 0.67 0.44 0.33 0.80 0.00 0.73 0.63 0.60 0.00 0.91 0.25 0.51 0.99 0.95 0.92 0.63 0.56 0.64 0.46 0.38 0.86 0.29 0.22 0.89 0.17 0.39 0.73 0.93 0.31 0.11 0.47 0.01 0.76 0.19 0.67 0.62 0.71 0.91 0.11 0.70 0.41 0.99 0.84 0.99 0.65 0.80 0.25 ]
[ 0.27 0.93 0.38 0.02 0.17 0.63 0.36 0.15 0.72 0.95 0.55 0.90 0.57 0.75 0.90 0.80 0.88 0.60 0.97 0.58 0.42 0.00 0.94 0.51 0.30 0.87 0.20 0.82 0.06 0.31 0.29 0.45 0.98 0.54 1.00 0.31 0.72 0.90 0.61 0.40 0.76 0.90 0.47 0.38 0.35 0.16 0.65 0.49 0.63 0.57 0.92 0.74 0.23 0.71 0.87 0.31 0.14 0.57 0.67 0.88 0.26 0.36 0.30 0.89 0.88 0.66 0.66 0.00 0.74 0.63 0.76 0.74 0.97 0.92 0.27 0.91 0.08 0.51 0.74 0.65 0.07 0.49 0.05 0.16 0.71 0.72 0.54 0.55 0.86 ]
[ 0.69 0.54 0.26 0.43 0.72 0.91 0.96 0.85 0.86 0.12 0.59 0.49 0.00 0.91 0.91 0.54 0.90 0.66 0.59 0.93 0.12 0.58 0.65 0.98 0.54 0.30 0.12 0.15 0.38 0.54 0.93 0.17 0.42 0.95 0.31 1.00 0.53 0.07 0.48 0.56 0.07 0.34 0.28 0.70 0.76 0.66 0.39 0.56 0.00 0.87 0.69 0.77 0.16 0.34 0.59 0.08 0.66 0.76 0.25 0.61 0.00 0.71 0.00 0.87 0.82 0.89 0.22 0.55 0.77 0.87 0.53 0.92 0.42 0.01 0.18 0.77 0.16 0.50 0.67 0.60 0.80 0.70 0.84 0.00 0.76 0.88 0.49 0.48 0.38 ]
[ 0.89 0.66 0.12 0.52 0.29 0.76 0.95 0.33 0.88 0.58 0.92 0.89 0.54 0.08 0.32 0.92 0.84 0.30 0.78 0.97 0.39 0.54 0.58 0.90 0.58 0.04 0.76 0.04 0.22 0.57 0.37 0.26 0.70 0.96 0.72 0.53 1.00 0.94 0.62 0.48 0.73 0.98 0.57 0.86 0.92 0.21 0.82 0.93 0.91 0.75 0.59 0.91 0.82 0.00 0.94 0.17 0.62 0.77 0.48 0.22 0.74 0.75 0.17 0.72 0.63 0.96 0.24 0.83 0.84 0.61 0.98 0.59 0.55 0.56 0.78 0.12 0.68 0.19 0.83 0.59 0.42 0.29 0.05 0.09 0.88 0.81 0.82 0.54 0.86 ]
[ 0.96 0.90 0.76 0.65 0.93 0.70 0.15 0.34 0.89 0.93 0.85 0.86 0.80 0.80 0.93 0.88 0.41 0.96 0.54 0.64 0.52 0.00 0.31 0.97 0.59 0.52 0.93 0.65 0.44 0.98 0.23 0.96 0.59 0.89 0.90 0.07 0.94 1.00 0.55 0.74 0.66 0.18 0.42 0.62 0.63 0.90 0.54 0.19 0.86 0.46 0.35 0.54 0.80 0.85 0.94 0.75 0.07 0.87 0.80 0.73 0.98 0.50 0.76 0.94 0.72 0.77 0.46 0.81 0.20 0.74 0.97 0.01 0.94 0.85 0.00 0.75 0.76 0.63 0.77 0.78 0.20 0.62 0.41 0.22 0.28 0.94 0.71 0.79 0.80 ]
[ 0.88 0.36 0.43 0.77 0.41 0.35 0.12 0.92 0.96 0.43 0.24 0.07 0.48 0.40 0.68 0.68 0.28 0.25 0.42 0.32 0.74 0.58 0.07 0.21 0.35 0.22 0.22 0.67 0.92 0.76 0.68 0.23 0.00 0.76 0.61 0.48 0.62 0.55 1.00 0.18 0.21 0.61 0.79 0.33 0.57 0.56 0.00 0.33 0.00 0.41 0.30 0.82 0.45 0.87 0.69 0.45 0.00 0.51 0.27 0.57 0.67 0.23 1.00 0.84 0.94 0.58 0.95 0.49 0.94 0.56 0.00 0.39 0.23 0.51 0.39 0.72 0.52 0.83 0.64 0.00 0.36 0.90 0.22 0.37 0.87 0.88 0.54 0.40 0.78 ]
[ 0.46 0.30 0.90 0.05 0.77 0.14 0.98 0.89 1.00 0.94 0.48 0.71 0.54 0.34 0.65 0.73 0.50 0.79 0.32 0.20 0.48 0.56 0.23 0.96 0.90 0.53 0.92 0.38 0.94 0.30 0.17 0.89 0.76 0.19 0.40 0.56 0.48 0.74 0.18 1.00 0.98 0.55 0.85 0.52 0.94 0.59 0.70 0.16 0.96 0.95 0.64 0.94 0.00 0.03 0.25 0.53 0.46 0.80 0.66 0.83 0.29 0.34 0.71 0.70 0.82 0.94 0.58 0.10 0.26 0.25 0.91 0.61 0.45 0.34 0.87 0.72 0.33 0.25 0.04 0.85 0.98 0.89 1.00 0.81 0.68 0.45 0.68 0.99 0.95 ]
[ 0.67 0.60 0.17 0.89 0.50 0.46 0.01 0.21 0.82 0.46 0.76 0.94 0.89 0.21 0.80 0.81 0.85 0.65 0.74 0.81 0.96 0.93 0.65 0.51 0.28 0.09 0.06 0.38 0.02 0.83 0.24 0.83 0.80 0.53 0.76 0.07 0.73 0.66 0.21 0.98 1.00 0.39 0.92 0.30 0.32 0.96 0.89 0.69 0.39 0.55 1.00 0.47 0.94 0.75 0.83 0.93 0.16 0.50 0.17 0.27 0.19 0.71 0.62 0.47 0.59 0.05 0.52 0.00 0.22 0.29 0.62 0.83 0.86 0.73 0.77 0.95 0.57 0.99 0.35 0.91 0.27 0.62 0.82 0.24 0.27 0.93 0.40 0.27 0.90 ]
[ 0.36 0.71 0.58 0.72 0.77 0.03 0.57 0.00 0.90 0.02 0.32 0.68 0.98 0.00 0.88 0.19 0.59 0.60 0.67 0.27 0.86 0.62 0.25 0.99 0.69 0.79 0.54 0.58 0.55 0.92 0.85 0.88 0.45 0.77 0.90 0.34 0.98 0.18 0.61 0.55 0.39 1.00 0.14 0.93 0.06 0.29 0.87 0.77 0.12 0.80 0.74 0.82 0.14 0.38 0.84 0.80 0.20 0.87 0.49 0.54 0.76 0.29 0.32 0.49 0.25 0.53 0.35 0.83 0.59 0.95 0.83 0.69 0.75 0.85 0.60 0.88 0.38 0.49 0.92 0.60 0.42 0.58 0.62 0.98 0.76 0.79 0.87 0.77 0.94 ]
[ 0.38 0.64 0.30 0.26 0.19 0.58 0.15 0.94 0.39 0.48 0.84 0.20 0.92 0.64 0.71 0.45 0.64 0.82 0.43 0.92 0.53 0.81 0.82 0.25 0.92 0.62 0.46 0.88 0.10 0.40 0.63 0.35 0.81 0.67 0.47 0.28 0.57 0.42 0.79 0.85 0.92 0.14 1.00 0.39 0.47 0.69 0.99 0.41 0.88 0.19 0.27 0.89 0.33 0.02 0.66 0.83 0.67 0.76 0.00 0.30 0.30 0.41 0.00 0.59 0.24 0.41 0.48 0.75 0.91 0.79 0.33 0.94 0.50 0.86 0.96 0.56 0.17 0.65 0.85 0.43 0.03 0.00 0.62 0.29 0.64 0.38 0.55 0.76 0.48 ]
[ 0.88 0.93 0.67 0.71 0.35 0.63 0.50 0.97 0.78 0.89 0.85 0.78 0.29 0.69 0.02 0.71 0.06 0.71 0.42 0.91 0.05 0.61 0.98 0.97 0.53 0.41 0.46 0.76 0.33 0.23 0.45 0.43 0.90 0.44 0.38 0.70 0.86 0.62 0.33 0.52 0.30 0.93 0.39 1.00 0.76 0.99 0.45 0.96 0.16 0.71 0.26 0.54 0.89 0.31 0.60 0.00 0.83 0.91 0.17 0.91 0.86 0.31 0.00 0.52 0.47 0.89 0.98 0.28 0.39 0.95 0.99 0.48 0.34 0.25 0.62 0.57 0.42 0.26 0.53 0.95 0.31 0.32 0.90 0.53 0.78 0.30 0.50 0.94 0.38 ]
[ 0.86 0.98 0.36 0.84 0.00 0.48 0.52 0.63 0.46 0.39 0.14 0.16 0.79 0.54 0.97 0.35 0.93 0.68 0.71 0.08 0.13 0.42 0.99 0.17 0.63 0.30 0.97 0.15 0.27 0.91 0.64 0.34 0.33 0.33 0.35 0.76 0.92 0.63 0.57 0.94 0.32 0.06 0.47 0.76 1.00 1.00 0.86 0.80 0.45 0.59 0.69 0.99 0.27 0.23 0.09 0.24 0.76 0.42 0.17 0.02 0.69 0.39 0.64 0.40 0.90 0.86 0.33 0.24 0.32 0.78 0.99 0.91 0.41 0.25 0.70 0.68 0.91 0.45 0.41 0.32 0.96 0.74 0.42 0.46 0.30 0.07 0.41 0.77 0.61 ]
[ 0.53 0.07 0.26 0.58 0.91 0.93 0.45 0.03 0.62 0.97 0.02 0.53 0.98 0.16 0.02 0.69 0.70 0.10 0.78 0.90 0.41 0.57 0.57 0.26 0.01 0.51 0.37 0.69 0.57 0.54 0.26 0.62 0.31 0.80 0.16 0.66 0.21 0.90 0.56 0.59 0.96 0.29 0.69 0.99 1.00 1.00 0.87 0.37 0.84 0.15 0.74 0.29 0.22 0.44 0.84 0.99 0.44 0.69 0.32 0.97 0.76 0.87 0.75 0.79 0.29 0.89 0.90 0.87 0.92 0.05 0.37 0.75 0.44 0.94 0.96 0.97 0.73 0.95 0.42 0.93 0.50 0.59 0.36 0.88 0.89 0.27 0.74 0.38 0.60 ]
[ 0.03 0.98 1.00 0.45 0.91 0.27 0.80 0.53 0.34 0.34 0.92 0.14 0.00 0.33 0.74 1.00 0.16 0.70 0.19 0.98 0.75 0.35 0.58 0.41 0.87 0.30 0.68 0.87 0.74 0.04 0.79 0.61 0.53 0.00 0.65 0.39 0.82 0.54 0.00 0.70 0.89 0.87 0.99 0.45 0.86 0.87 1.00 0.78 0.40 0.17 0.57 0.77 0.33 0.09 0.32 0.53 0.82 0.89 0.37 0.98 0.48 0.43 0.24 0.93 1.00 0.62 0.30 0.94 0.84 0.30 0.91 0.69 0.93 0.56 0.50 1.00 0.94 0.86 0.95 0.88 0.24 0.89 0.47 0.72 0.15 0.62 0.71 0.65 0.50 ]
[ 0.70 0.95 0.85 0.35 0.86 0.38 0.44 0.43 0.89 0.94 0.25 0.21 0.72 0.64 0.33 0.90 0.17 0.76 0.98 0.38 0.98 0.48 0.78 0.56 0.44 0.49 0.15 0.52 0.57 0.72 0.59 0.21 0.01 0.73 0.49 0.56 0.93 0.19 0.33 0.16 0.69 0.77 0.41 0.96 0.80 0.37 0.78 1.00 0.27 0.66 0.99 0.54 0.19 0.58 0.79 0.88 0.21 0.85 0.86 0.81 0.43 0.28 0.20 0.45 0.95 0.43 0.49 0.61 0.29 0.73 0.15 0.36 0.59 1.00 0.90 0.45 0.95 0.75 0.36 1.00 0.92 0.57 0.90 0.49 0.08 0.60 0.90 0.94 0.33 ]
[ 0.57 0.52 0.89 0.68 0.95 0.95 0.57 0.64 0.47 0.78 0.61 0.94 0.32 0.61 0.92 0.34 0.15 0.32 0.42 0.83 0.84 0.59 0.11 0.26 0.18 0.58 0.64 0.17 0.73 0.32 0.90 0.17 0.50 0.63 0.63 0.00 0.91 0.86 0.00 0.96 0.39 0.12 0.88 0.16 0.45 0.84 0.40 0.27 1.00 0.60 0.52 0.38 0.96 0.80 0.48 0.83 0.35 0.75 0.13 0.26 0.10 0.78 0.11 0.80 0.24 0.57 0.95 0.98 0.24 0.40 0.62 0.93 0.14 0.56 0.96 0.87 0.53 0.39 0.54 0.04 0.73 0.39 0.74 0.97 0.81 0.55 0.50 0.55 0.92 ]
[ 0.41 0.93 0.72 0.91 0.56 0.20 0.82 0.96 0.69 0.85 0.65 0.62 0.75 0.00 0.93 0.76 1.00 0.27 0.98 0.88 0.91 0.75 0.11 0.37 0.16 1.00 0.81 0.86 0.59 0.42 0.88 0.22 0.24 0.60 0.57 0.87 0.75 0.46 0.41 0.95 0.55 0.80 0.19 0.71 0.59 0.15 0.17 0.66 0.60 1.00 0.88 0.98 0.54 0.05 0.66 0.26 0.56 0.80 0.48 0.21 0.11 0.48 0.95 0.43 0.06 0.41 0.20 0.98 0.65 0.08 0.22 0.48 0.62 0.94 0.27 0.45 0.65 0.29 0.76 0.55 0.49 0.74 0.03 0.03 0.78 0.42 0.91 0.95 0.89 ]
[ 0.32 0.22 0.39 0.89 0.45 0.86 0.84 0.91 0.96 0.72 0.88 0.96 0.98 0.87 0.54 0.71 0.00 0.90 0.88 0.63 0.19 0.51 0.60 0.80 0.36 0.90 0.50 0.60 0.75 0.33 0.59 0.38 0.16 0.00 0.92 0.69 0.59 0.35 0.30 0.64 1.00 0.74 0.27 0.26 0.69 0.74 0.57 0.99 0.52 0.88 1.00 0.28 0.81 0.38 0.51 0.16 0.24 0.10 0.53 0.27 0.30 0.65 0.00 0.87 0.45 0.97 0.32 0.62 1.00 0.15 0.97 0.62 0.62 0.75 0.97 0.46 0.54 0.35 0.73 0.70 0.40 0.67 0.58 0.34 0.95 0.89 0.71 0.62 0.29 ]
[ 0.82 0.85 0.90 0.59 0.55 0.86 0.17 0.56 0.69 0.91 0.48 0.53 0.91 0.42 0.05 0.96 0.37 0.05 0.13 0.34 0.76 0.92 0.97 0.25 0.82 0.86 0.23 0.27 0.86 0.81 1.00 0.75 0.96 0.91 0.74 0.77 0.91 0.54 0.82 0.94 0.47 0.82 0.89 0.54 0.99 0.29 0.77 0.54 0.38 0.98 0.28 1.00 0.68 0.13 0.94 0.85 0.24 0.31 0.21 0.92 0.00 0.22 0.46 0.79 0.83 0.08 0.20 0.21 0.67 0.92 0.61 0.14 0.18 0.67 0.75 0.45 0.50 0.79 0.31 0.61 0.88 0.21 0.26 0.77 0.34 0.74 0.89 0.46 0.53 ]
[ 0.25 0.91 0.21 0.56 0.74 0.36 0.88 0.99 0.66 0.96 0.05 0.63 0.16 0.79 0.47 0.46 0.84 0.83 0.20 0.73 0.49 0.70 0.62 0.98 0.35 0.26 0.89 0.52 0.94 0.75 0.94 0.14 0.75 0.25 0.23 0.16 0.82 0.80 0.45 0.00 0.94 0.14 0.33 0.89 0.27 0.22 0.33 0.19 0.96 0.54 0.81 0.68 1.00 0.33 0.51 0.22 0.29 0.15 0.74 0.58 0.00 0.64 0.82 0.89 0.87 0.63 0.76 0.52 0.85 0.45 0.89 0.50 0.90 0.31 0.40 0.41 0.61 0.97 0.99 0.47 0.59 0.03 0.09 0.95 0.45 0.85 0.29 0.80 0.85 ]
[ 0.85 0.97 0.65 0.38 0.85 0.27 0.18 0.85 0.31 0.42 0.78 0.41 0.22 0.19 0.36 0.83 0.19 0.62 0.65 0.58 0.25 0.29 0.90 0.77 0.93 0.91 0.21 0.74 0.92 0.49 0.41 0.21 0.47 0.51 0.71 0.34 0.00 0.85 0.87 0.03 0.75 0.38 0.02 0.31 0.23 0.44 0.09 0.58 0.80 0.05 0.38 0.13 0.33 1.00 0.34 0.16 0.97 0.65 0.35 0.56 0.70 0.77 0.63 0.64 0.19 0.92 0.71 0.53 0.27 0.77 0.77 0.01 0.56 0.03 0.47 0.94 0.84 0.88 1.00 0.85 0.18 0.22 0.23 0.55 0.03 0.65 0.42 0.67 0.55 ]
[ 0.94 0.83 0.16 0.55 0.58 0.76 0.94 0.43 0.90 0.29 0.46 0.29 0.31 0.19 0.37 1.00 0.54 0.76 0.83 0.15 0.59 0.47 0.93 0.45 0.81 0.99 0.95 0.22 0.89 0.43 0.70 0.90 0.17 0.99 0.87 0.59 0.94 0.94 0.69 0.25 0.83 0.84 0.66 0.60 0.09 0.84 0.32 0.79 0.48 0.66 0.51 0.94 0.51 0.34 1.00 0.75 0.67 0.89 1.00 0.44 0.43 0.16 0.79 0.90 0.97 0.36 0.39 0.18 0.97 0.64 0.11 0.06 0.17 0.88 0.27 0.85 0.86 0.18 0.00 0.39 0.99 0.38 0.55 0.80 0.87 0.84 0.47 0.81 0.55 ]
[ 0.25 0.79 0.78 0.28 0.99 0.26 0.21 0.50 0.94 0.41 0.97 0.07 0.71 0.99 0.69 0.92 0.15 0.58 0.25 0.65 0.73 0.45 0.64 0.06 0.00 0.96 0.79 0.91 0.66 0.00 0.51 0.59 0.95 0.95 0.31 0.08 0.17 0.75 0.45 0.53 0.93 0.80 0.83 0.00 0.24 0.99 0.53 0.88 0.83 0.26 0.16 0.85 0.22 0.16 0.75 1.00 0.88 0.72 0.56 0.99 0.45 0.67 0.99 1.00 0.93 0.59 0.74 0.27 0.37 0.41 0.94 0.77 0.53 0.54 0.21 0.67 0.40 0.35 0.25 0.55 0.72 0.24 0.83 0.50 0.99 0.93 0.12 0.32 0.87 ]
[ 0.49 0.79 0.23 0.31 0.04 0.19 0.00 0.30 0.96 0.97 0.59 0.54 0.98 0.39 0.59 0.41 0.65 0.76 0.93 0.92 0.83 0.75 0.98 0.00 0.87 0.95 0.23 0.30 0.55 0.41 0.91 0.00 0.79 0.92 0.14 0.66 0.62 0.07 0.00 0.46 0.16 0.20 0.67 0.83 0.76 0.44 0.82 0.21 0.35 0.56 0.24 0.24 0.29 0.97 0.67 0.88 1.00 0.92 0.33 0.66 0.64 0.79 0.34 0.51 0.63 0.96 0.99 0.99 0.23 0.43 0.79 0.36 0.91 0.89 0.85 0.36 0.84 0.54 0.65 0.40 0.96 0.20 0.41 0.56 0.50 0.44 0.58 0.92 0.92 ]
[ 0.22 0.67 0.81 0.40 0.31 0.58 0.31 0.92 0.23 0.32 0.27 0.62 0.73 0.56 0.00 0.22 0.66 0.86 0.93 0.36 0.10 0.34 0.18 0.29 0.94 0.90 0.92 0.49 0.90 0.31 0.26 0.74 0.64 0.63 0.57 0.76 0.77 0.87 0.51 0.80 0.50 0.87 0.76 0.91 0.42 0.69 0.89 0.85 0.75 0.80 0.10 0.31 0.15 0.65 0.89 0.72 0.92 1.00 0.67 0.63 0.31 0.33 0.99 0.75 0.41 0.06 0.89 0.47 0.33 0.98 0.00 0.92 0.74 0.78 0.89 0.32 0.59 0.55 0.74 0.34 0.99 0.54 0.27 0.72 0.94 0.99 0.87 0.62 0.81 ]
[ 0.89 0.69 0.99 0.18 0.51 0.33 0.73 0.41 0.56 0.43 0.13 0.37 0.37 0.66 0.45 0.93 0.50 0.93 0.83 0.96 0.44 0.38 0.36 0.00 0.34 0.05 0.79 0.59 0.54 0.72 0.44 0.71 0.84 0.56 0.67 0.25 0.48 0.80 0.27 0.66 0.17 0.49 0.00 0.17 0.17 0.32 0.37 0.86 0.13 0.48 0.53 0.21 0.74 0.35 1.00 0.56 0.33 0.67 1.00 0.54 0.83 0.93 0.95 0.16 0.95 0.63 0.87 0.99 0.55 0.41 0.50 0.45 0.10 0.95 0.63 0.74 0.00 0.33 0.47 0.04 0.53 0.60 0.00 0.93 0.67 0.43 0.70 0.39 0.41 ]
[ 0.61 0.00 0.17 0.11 0.49 0.30 0.76 0.11 0.56 0.81 0.39 0.00 0.90 0.36 0.13 0.16 0.40 0.70 0.66 0.96 0.50 0.39 0.75 0.86 0.76 0.08 0.36 0.69 0.76 0.75 0.85 0.71 0.61 0.64 0.88 0.61 0.22 0.73 0.57 0.83 0.27 0.54 0.30 0.91 0.02 0.97 0.98 0.81 0.26 0.21 0.27 0.92 0.58 0.56 0.44 0.99 0.66 0.63 0.54 1.00 0.23 0.24 0.98 0.00 0.30 0.85 0.36 0.68 0.88 0.93 0.99 0.23 0.83 0.00 0.90 0.17 0.57 0.80 0.98 0.89 0.67 0.96 0.93 0.77 0.99 0.25 0.16 0.21 0.35 ]
[ 0.28 1.00 0.76 0.95 0.89 0.59 0.84 0.27 0.17 0.97 0.88 0.90 0.74 0.10 0.67 0.21 0.02 0.40 0.83 0.83 0.72 0.98 0.92 0.23 0.79 0.69 0.73 0.99 0.33 0.45 0.61 0.44 0.75 0.46 0.26 0.00 0.74 0.98 0.67 0.29 0.19 0.76 0.30 0.86 0.69 0.76 0.48 0.43 0.10 0.11 0.30 0.00 0.00 0.70 0.43 0.45 0.64 0.31 0.83 0.23 1.00 0.59 0.94 0.47 0.64 0.23 0.22 0.62 0.61 0.77 0.81 0.84 0.30 0.10 0.91 0.29 0.77 0.39 0.92 0.61 0.88 0.69 0.87 0.24 0.77 0.85 0.69 0.95 0.87 ]
[ 0.23 0.39 0.50 0.22 0.20 0.97 0.42 0.47 0.87 0.47 0.46 0.03 0.93 0.35 0.42 0.94 0.84 0.75 0.91 0.73 0.90 0.77 0.26 0.99 0.95 0.98 0.37 0.27 0.72 0.78 0.65 0.82 0.25 0.38 0.36 0.71 0.75 0.50 0.23 0.34 0.71 0.29 0.41 0.31 0.39 0.87 0.43 0.28 0.78 0.48 0.65 0.22 0.64 0.77 0.16 0.67 0.79 0.33 0.93 0.24 0.59 1.00 0.29 0.25 0.88 0.88 0.49 0.38 0.79 0.79 0.72 0.25 0.97 0.99 0.00 0.00 0.12 0.64 0.78 0.43 0.36 0.19 0.24 0.00 0.92 0.26 0.09 0.71 1.00 ]
[ 0.75 0.76 0.34 0.49 0.88 0.46 0.61 0.28 0.88 0.61 0.29 0.50 0.29 0.97 0.84 0.89 0.38 0.57 0.50 0.90 0.63 0.22 0.61 0.10 0.38 0.15 0.64 0.60 0.23 0.10 0.90 0.77 0.96 0.86 0.30 0.00 0.17 0.76 1.00 0.71 0.62 0.32 0.00 0.00 0.64 0.75 0.24 0.20 0.11 0.95 0.00 0.46 0.82 0.63 0.79 0.99 0.34 0.99 0.95 0.98 0.94 0.29 1.00 0.07 0.62 0.77 0.86 0.21 0.90 0.42 0.04 0.91 0.87 0.18 0.94 0.54 0.18 0.75 0.20 0.20 0.56 0.87 0.91 0.60 0.28 0.17 0.85 0.04 0.91 ]
[ 0.59 0.36 0.94 0.37 0.36 0.42 0.70 0.57 0.69 0.45 0.16 0.00 0.89 0.80 0.65 0.54 0.35 0.25 0.89 0.77 0.90 0.47 0.18 0.95 0.00 0.59 0.73 0.22 0.17 0.86 0.43 0.16 0.06 0.29 0.89 0.87 0.72 0.94 0.84 0.70 0.47 0.49 0.59 0.52 0.40 0.79 0.93 0.45 0.80 0.43 0.87 0.79 0.89 0.64 0.90 1.00 0.51 0.75 0.16 0.00 0.47 0.25 0.07 1.00 0.95 0.49 0.30 0.93 0.55 0.41 0.42 0.57 0.59 0.65 0.61 0.35 0.90 0.24 0.41 0.13 0.49 0.89 0.80 0.69 0.46 0.25 0.23 0.90 0.96 ]
[ 0.73 0.83 0.90 0.94 0.53 0.40 0.11 0.33 0.35 0.47 0.79 0.93 0.13 0.76 0.00 0.97 0.51 0.31 0.81 0.83 0.26 1.00 0.90 0.56 0.27 0.93 0.97 0.85 0.64 0.92 0.53 0.83 0.41 0.22 0.88 0.82 0.63 0.72 0.94 0.82 0.59 0.25 0.24 0.47 0.90 0.29 1.00 0.95 0.24 0.06 0.45 0.83 0.87 0.19 0.97 0.93 0.63 0.41 0.95 0.30 0.64 0.88 0.62 0.95 1.00 0.85 0.82 0.19 0.54 0.79 0.10 0.83 0.28 0.76 0.17 0.58 0.70 0.89 0.50 0.95 0.63 0.09 0.79 0.81 0.71 0.06 0.95 0.59 0.94 ]
[ 0.32 0.48 0.86 0.23 0.10 0.92 0.27 0.47 0.99 0.24 0.21 0.65 0.20 0.84 0.02 0.68 0.96 0.66 0.18 0.00 0.86 0.56 0.95 0.43 0.00 0.39 0.88 0.62 0.28 0.55 0.29 0.50 0.93 0.89 0.66 0.89 0.96 0.77 0.58 0.94 0.05 0.53 0.41 0.89 0.86 0.89 0.62 0.43 0.57 0.41 0.97 0.08 0.63 0.92 0.36 0.59 0.96 0.06 0.63 0.85 0.23 0.88 0.77 0.49 0.85 1.00 1.00 0.25 0.86 0.39 0.97 0.17 0.18 0.21 0.39 0.31 0.92 0.25 0.49 0.33 0.61 0.58 0.48 0.88 0.63 0.82 0.42 0.82 0.63 ]
[ 0.25 0.83 0.40 0.48 0.52 0.81 0.45 0.19 0.38 0.30 0.86 0.41 0.93 0.72 0.80 0.74 0.70 0.31 0.58 0.61 0.84 0.53 0.89 0.61 0.27 0.71 0.52 0.03 0.59 0.48 0.36 0.37 0.60 0.17 0.66 0.22 0.24 0.46 0.95 0.58 0.52 0.35 0.48 0.98 0.33 0.90 0.30 0.49 0.95 0.20 0.32 0.20 0.76 0.71 0.39 0.74 0.99 0.89 0.87 0.36 0.22 0.49 0.86 0.30 0.82 1.00 1.00 0.17 0.19 0.90 0.04 0.45 0.35 0.78 0.53 0.56 0.35 0.56 0.39 0.92 0.08 0.87 0.48 0.89 0.47 0.20 0.19 0.52 0.27 ]
[ 0.54 0.78 0.13 0.62 0.47 0.90 0.05 0.44 0.82 0.64 0.71 0.91 0.77 0.93 0.48 0.78 0.42 0.01 0.29 0.29 0.58 0.14 0.88 0.43 0.82 0.53 0.64 0.55 0.52 0.74 0.23 0.36 0.30 0.39 0.00 0.55 0.83 0.81 0.49 0.10 0.00 0.83 0.75 0.28 0.24 0.87 0.94 0.61 0.98 0.98 0.62 0.21 0.52 0.53 0.18 0.27 0.99 0.47 0.99 0.68 0.62 0.38 0.21 0.93 0.19 0.25 0.17 1.00 0.89 0.82 0.66 0.95 0.29 0.75 0.96 0.21 0.57 0.01 0.01 0.46 0.34 0.61 0.98 0.89 0.53 0.18 0.45 0.94 0.96 ]
[ 0.98 0.97 0.59 0.21 0.47 0.42 0.30 0.84 0.69 0.92 0.18 0.92 0.33 0.90 0.51 0.91 0.91 0.30 0.37 0.66 0.36 0.20 0.54 0.92 0.68 0.15 0.83 0.96 0.66 0.41 0.34 0.52 0.98 0.73 0.74 0.77 0.84 0.20 0.94 0.26 0.22 0.59 0.91 0.39 0.32 0.92 0.84 0.29 0.24 0.65 1.00 0.67 0.85 0.27 0.97 0.37 0.23 0.33 0.55 0.88 0.61 0.79 0.90 0.55 0.54 0.86 0.19 0.89 1.00 0.00 0.48 0.43 0.00 0.99 0.35 0.82 0.88 0.32 0.17 0.11 0.33 0.92 0.51 0.16 0.93 0.52 0.30 0.31 0.97 ]
[ 0.95 0.18 0.80 0.52 0.91 0.73 0.95 0.32 0.54 0.22 0.71 0.53 0.97 0.56 0.86 0.08 0.34 0.90 0.26 0.66 0.71 0.00 0.22 0.70 0.17 0.03 0.02 0.85 0.30 0.97 0.03 0.76 0.00 0.93 0.63 0.87 0.61 0.74 0.56 0.25 0.29 0.95 0.79 0.95 0.78 0.05 0.30 0.73 0.40 0.08 0.15 0.92 0.45 0.77 0.64 0.41 0.43 0.98 0.41 0.93 0.77 0.79 0.42 0.41 0.79 0.39 0.90 0.82 0.00 1.00 0.85 0.33 0.70 0.88 0.40 0.24 0.50 0.36 0.64 0.98 0.79 0.00 0.46 0.63 0.48 0.55 0.33 0.99 0.91 ]
[ 0.86 0.61 0.58 0.95 0.31 0.57 0.35 0.54 0.91 0.18 0.19 0.30 0.60 0.17 0.25 0.61 0.26 0.00 0.75 0.27 0.42 0.52 0.16 0.68 0.43 0.00 0.37 0.56 0.17 0.86 0.78 0.89 0.76 0.31 0.76 0.53 0.98 0.97 0.00 0.91 0.62 0.83 0.33 0.99 0.99 0.37 0.91 0.15 0.62 0.22 0.97 0.61 0.89 0.77 0.11 0.94 0.79 0.00 0.50 0.99 0.81 0.72 0.04 0.42 0.10 0.97 0.04 0.66 0.48 0.85 1.00 0.44 0.68 0.94 0.87 0.87 0.95 0.82 0.74 0.78 0.57 0.86 0.74 0.67 0.35 0.90 0.86 0.88 0.42 ]
[ 0.98 0.05 0.62 0.52 0.44 0.94 0.91 0.92 0.42 0.90 0.70 0.18 0.45 0.64 0.72 0.38 0.19 0.99 0.22 0.51 0.33 0.25 0.40 0.97 0.89 0.83 0.59 0.32 0.40 0.77 0.15 0.88 0.94 0.11 0.74 0.92 0.59 0.01 0.39 0.61 0.83 0.69 0.94 0.48 0.91 0.75 0.69 0.36 0.93 0.48 0.62 0.14 0.50 0.01 0.06 0.77 0.36 0.92 0.45 0.23 0.84 0.25 0.91 0.57 0.83 0.17 0.45 0.95 0.43 0.33 0.44 1.00 0.59 0.68 0.94 0.62 0.76 0.81 0.12 0.90 0.59 0.51 0.36 0.18 0.51 0.42 0.80 0.92 0.35 ]
[ 0.32 0.95 0.90 0.65 0.68 0.90 0.45 0.21 0.24 0.84 0.10 0.52 0.46 0.94 0.94 0.53 0.01 0.28 0.28 0.99 0.53 0.96 0.59 0.43 0.45 0.53 0.51 0.92 0.33 0.83 0.30 0.69 0.78 0.47 0.97 0.42 0.55 0.94 0.23 0.45 0.86 0.75 0.50 0.34 0.41 0.44 0.93 0.59 0.14 0.62 0.62 0.18 0.90 0.56 0.17 0.53 0.91 0.74 0.10 0.83 0.30 0.97 0.87 0.59 0.28 0.18 0.35 0.29 0.00 0.70 0.68 0.59 1.00 0.36 0.60 0.50 0.48 0.89 0.85 0.02 0.98 0.84 0.47 0.97 0.87 0.95 0.81 0.60 0.37 ]
[ 0.91 0.88 0.20 0.05 0.62 0.37 0.36 0.09 0.35 0.22 0.89 0.76 0.10 0.78 0.98 0.97 0.75 0.67 0.41 0.44 0.75 0.72 0.96 0.79 0.17 0.67 0.83 0.32 0.75 0.03 0.38 0.81 0.51 0.01 0.92 0.01 0.56 0.85 0.51 0.34 0.73 0.85 0.86 0.25 0.25 0.94 0.56 1.00 0.56 0.94 0.75 0.67 0.31 0.03 0.88 0.54 0.89 0.78 0.95 0.00 0.10 0.99 0.18 0.65 0.76 0.21 0.78 0.75 0.99 0.88 0.94 0.68 0.36 1.00 0.87 0.79 0.49 0.21 0.61 0.44 0.64 0.46 0.43 0.65 0.77 0.40 0.14 0.61 0.52 ]
[ 0.31 0.00 0.35 0.18 0.52 0.92 0.39 0.88 0.50 0.86 0.87 0.30 0.27 0.43 0.76 0.90 0.38 0.95 0.51 0.22 0.98 0.55 0.35 0.88 0.96 0.82 0.81 0.21 0.04 0.24 0.66 0.87 0.95 0.76 0.27 0.18 0.78 0.00 0.39 0.87 0.77 0.60 0.96 0.62 0.70 0.96 0.50 0.90 0.96 0.27 0.97 0.75 0.40 0.47 0.27 0.21 0.85 0.89 0.63 0.90 0.91 0.00 0.94 0.61 0.17 0.39 0.53 0.96 0.35 0.40 0.87 0.94 0.60 0.87 1.00 0.08 0.80 0.36 0.73 0.28 0.00 0.94 0.87 0.65 0.89 0.55 0.07 0.00 0.18 ]
[ 0.79 0.88 0.53 0.69 0.83 0.36 0.59 0.53 0.67 0.02 0.90 0.69 0.06 0.54 0.87 0.99 0.69 0.71 0.80 0.00 0.31 0.99 0.27 0.90 0.89 0.46 0.24 0.11 0.53 0.25 0.66 0.76 0.91 0.19 0.91 0.77 0.12 0.75 0.72 0.72 0.95 0.88 0.56 0.57 0.68 0.97 1.00 0.45 0.87 0.45 0.46 0.45 0.41 0.94 0.85 0.67 0.36 0.32 0.74 0.17 0.29 0.00 0.54 0.35 0.58 0.31 0.56 0.21 0.82 0.24 0.87 0.62 0.50 0.79 0.08 1.00 0.23 0.80 0.62 0.36 0.98 0.17 0.15 0.28 0.71 0.59 0.27 0.79 0.18 ]
[ 0.31 0.40 0.89 0.40 0.18 0.35 0.48 0.89 0.24 0.71 0.22 0.93 0.41 0.96 0.55 0.59 0.00 0.15 0.66 0.05 0.04 0.56 0.19 0.89 0.76 0.31 0.99 0.54 0.28 0.92 0.92 0.82 0.44 0.67 0.08 0.16 0.68 0.76 0.52 0.33 0.57 0.38 0.17 0.42 0.91 0.73 0.94 0.95 0.53 0.65 0.54 0.50 0.61 0.84 0.86 0.40 0.84 0.59 0.00 0.57 0.77 0.12 0.18 0.90 0.70 0.92 0.35 0.57 0.88 0.50 0.95 0.76 0.48 0.49 0.80 0.23 1.00 0.35 0.88 0.73 0.16 0.81 0.30 0.04 0.75 0.97 0.93 0.90 0.47 ]
[ 0.70 0.46 0.85 0.12 0.50 0.00 0.32 0.22 0.98 0.81 0.18 0.17 0.00 0.34 0.48 0.49 0.68 0.71 0.93 0.68 0.41 0.28 0.72 0.44 0.69 0.38 0.40 0.25 0.60 0.73 0.83 0.08 0.20 0.62 0.51 0.50 0.19 0.63 0.83 0.25 0.99 0.49 0.65 0.26 0.45 0.95 0.86 0.75 0.39 0.29 0.35 0.79 0.97 0.88 0.18 0.35 0.54 0.55 0.33 0.80 0.39 0.64 0.75 0.24 0.89 0.25 0.56 0.01 0.32 0.36 0.82 0.81 0.89 0.21 0.36 0.80 0.35 1.00 1.00 0.92 0.45 0.35 0.82 0.17 0.97 0.54 0.67 0.83 0.75 ]
[ 0.79 0.56 0.52 0.89 0.03 0.96 0.98 0.13 0.32 0.58 0.40 0.73 0.94 0.18 0.35 0.09 0.75 0.77 0.94 0.80 0.65 1.00 0.91 0.61 0.50 0.52 0.69 0.59 0.69 0.32 0.97 0.96 0.17 0.71 0.74 0.67 0.83 0.77 0.64 0.04 0.35 0.92 0.85 0.53 0.41 0.42 0.95 0.36 0.54 0.76 0.73 0.31 0.99 1.00 0.00 0.25 0.65 0.74 0.47 0.98 0.92 0.78 0.20 0.41 0.50 0.49 0.39 0.01 0.17 0.64 0.74 0.12 0.85 0.61 0.73 0.62 0.88 1.00 1.00 0.40 0.64 0.61 0.88 0.84 0.67 0.24 0.99 0.98 0.77 ]
[ 0.54 0.92 0.86 0.20 0.86 0.35 0.43 0.37 0.17 0.16 0.88 0.06 0.59 0.28 0.67 0.07 0.84 0.34 0.86 0.36 0.94 0.27 0.86 0.85 0.18 0.98 0.17 0.76 0.89 0.90 0.48 0.31 0.31 0.91 0.65 0.60 0.59 0.78 0.00 0.85 0.91 0.60 0.43 0.95 0.32 0.93 0.88 1.00 0.04 0.55 0.70 0.61 0.47 0.85 0.39 0.55 0.40 0.34 0.04 0.89 0.61 0.43 0.20 0.13 0.95 0.33 0.92 0.46 0.11 0.98 0.78 0.90 0.02 0.44 0.28 0.36 0.73 0.92 0.40 1.00 0.61 0.99 0.91 0.83 0.66 0.88 0.49 0.83 0.99 ]
[ 0.91 0.91 0.83 0.73 0.64 0.94 0.69 0.19 0.87 0.12 0.69 0.40 0.21 0.25 0.26 0.92 0.70 0.96 0.82 0.92 0.92 0.52 0.62 0.73 0.34 0.88 0.81 0.91 0.39 0.24 0.82 0.51 0.95 0.11 0.07 0.80 0.42 0.20 0.36 0.98 0.27 0.42 0.03 0.31 0.96 0.50 0.24 0.92 0.73 0.49 0.40 0.88 0.59 0.18 0.99 0.72 0.96 0.99 0.53 0.67 0.88 0.36 0.56 0.49 0.63 0.61 0.08 0.34 0.33 0.79 0.57 0.59 0.98 0.64 0.00 0.98 0.16 0.45 0.64 0.61 1.00 0.04 0.00 0.84 0.52 0.33 0.00 0.73 0.97 ]
[ 0.72 0.46 0.55 0.69 0.64 0.89 0.89 0.70 0.08 0.39 0.42 0.58 0.20 0.80 0.97 0.86 0.36 0.92 0.59 0.81 0.86 0.35 0.61 0.50 0.79 0.49 0.80 0.34 0.01 0.56 0.49 0.26 0.72 0.70 0.49 0.70 0.29 0.62 0.90 0.89 0.62 0.58 0.00 0.32 0.74 0.59 0.89 0.57 0.39 0.74 0.67 0.21 0.03 0.22 0.38 0.24 0.20 0.54 0.60 0.96 0.69 0.19 0.87 0.89 0.09 0.58 0.87 0.61 0.92 0.00 0.86 0.51 0.84 0.46 0.94 0.17 0.81 0.35 0.61 0.99 0.04 1.00 0.76 0.77 0.82 0.90 0.48 0.89 0.40 ]
[ 0.00 0.36 0.53 0.80 0.81 0.95 0.96 0.72 0.65 0.62 0.73 0.57 0.34 0.53 0.94 0.96 0.55 0.72 0.18 0.80 0.93 0.17 0.90 0.85 0.42 0.33 0.52 0.91 0.62 0.45 0.75 0.39 0.92 0.41 0.05 0.84 0.05 0.41 0.22 1.00 0.82 0.62 0.62 0.90 0.42 0.36 0.47 0.90 0.74 0.03 0.58 0.26 0.09 0.23 0.55 0.83 0.41 0.27 0.00 0.93 0.87 0.24 0.91 0.80 0.79 0.48 0.48 0.98 0.51 0.46 0.74 0.36 0.47 0.43 0.87 0.15 0.30 0.82 0.88 0.91 0.00 0.76 1.00 0.37 0.61 0.82 0.56 0.70 0.06 ]
[ 0.42 0.42 0.68 0.90 0.57 0.41 0.74 0.23 0.52 0.83 0.28 0.59 0.00 0.63 0.38 0.57 0.98 0.41 0.89 0.94 0.81 0.80 0.76 0.42 0.28 0.62 0.04 0.39 0.27 0.80 0.24 0.57 0.33 0.99 0.16 0.00 0.09 0.22 0.37 0.81 0.24 0.98 0.29 0.53 0.46 0.88 0.72 0.49 0.97 0.03 0.34 0.77 0.95 0.55 0.80 0.50 0.56 0.72 0.93 0.77 0.24 0.00 0.60 0.69 0.81 0.88 0.89 0.89 0.16 0.63 0.67 0.18 0.97 0.65 0.65 0.28 0.04 0.17 0.84 0.83 0.84 0.77 0.37 1.00 0.83 0.66 0.66 0.67 0.28 ]
[ 0.98 0.63 0.15 0.46 0.60 0.29 0.17 0.58 0.64 0.87 0.76 0.21 0.73 0.22 0.88 0.72 0.96 0.69 0.66 0.56 0.48 0.44 0.06 0.00 0.67 0.98 0.44 0.89 0.93 0.87 0.21 0.91 0.78 0.84 0.71 0.76 0.88 0.28 0.87 0.68 0.27 0.76 0.64 0.78 0.30 0.89 0.15 0.08 0.81 0.78 0.95 0.34 0.45 0.03 0.87 0.99 0.50 0.94 0.67 0.99 0.77 0.92 0.28 0.46 0.71 0.63 0.47 0.53 0.93 0.48 0.35 0.51 0.87 0.77 0.89 0.71 0.75 0.97 0.67 0.66 0.52 0.82 0.61 0.83 1.00 0.77 0.92 0.76 0.66 ]
[ 0.93 0.65 0.71 0.62 0.92 0.68 0.68 0.28 0.56 0.70 0.90 0.83 0.63 0.30 0.99 0.93 0.59 0.05 0.95 0.97 0.68 0.20 0.82 0.88 0.49 0.45 0.23 0.99 0.42 0.79 0.29 0.91 0.13 0.99 0.72 0.88 0.81 0.94 0.88 0.45 0.93 0.79 0.38 0.30 0.07 0.27 0.62 0.60 0.55 0.42 0.89 0.74 0.85 0.65 0.84 0.93 0.44 0.99 0.43 0.25 0.85 0.26 0.17 0.25 0.06 0.82 0.20 0.18 0.52 0.55 0.90 0.42 0.95 0.40 0.55 0.59 0.97 0.54 0.24 0.88 0.33 0.90 0.82 0.66 0.77 1.00 0.87 0.70 0.34 ]
[ 0.18 0.96 0.51 0.09 0.36 0.50 0.89 0.02 0.33 0.53 0.94 0.99 0.90 0.72 0.69 0.22 0.48 0.44 0.66 0.81 0.42 0.81 0.69 0.85 0.72 0.92 0.47 0.72 0.39 0.32 0.85 0.96 0.78 0.65 0.54 0.49 0.82 0.71 0.54 0.68 0.40 0.87 0.55 0.50 0.41 0.74 0.71 0.90 0.50 0.91 0.71 0.89 0.29 0.42 0.47 0.12 0.58 0.87 0.70 0.16 0.69 0.09 0.85 0.23 0.95 0.42 0.19 0.45 0.30 0.33 0.86 0.80 0.81 0.14 0.07 0.27 0.93 0.67 0.99 0.49 0.00 0.48 0.56 0.66 0.92 0.87 1.00 0.92 0.30 ]
[ 0.04 0.12 0.39 0.19 0.39 0.16 0.94 0.80 0.36 1.00 0.58 1.00 0.88 0.50 0.31 0.50 0.66 0.52 0.15 0.78 0.29 0.07 0.90 0.66 0.43 0.02 0.26 0.62 0.27 0.10 0.32 0.27 0.56 0.80 0.55 0.48 0.54 0.79 0.40 0.99 0.27 0.77 0.76 0.94 0.77 0.38 0.65 0.94 0.55 0.95 0.62 0.46 0.80 0.67 0.81 0.32 0.92 0.62 0.39 0.21 0.95 0.71 0.04 0.90 0.59 0.82 0.52 0.94 0.31 0.99 0.88 0.92 0.60 0.61 0.00 0.79 0.90 0.83 0.98 0.83 0.73 0.89 0.70 0.67 0.76 0.70 0.92 1.00 0.64 ]
[ 0.08 0.90 0.86 0.20 0.50 0.20 0.70 0.94 0.48 0.95 0.22 0.94 0.76 0.29 0.28 0.35 0.00 0.41 0.42 0.23 0.78 0.47 0.96 0.83 0.88 0.19 0.71 0.79 0.45 0.78 0.37 0.60 0.87 0.25 0.86 0.38 0.86 0.80 0.78 0.95 0.90 0.94 0.48 0.38 0.61 0.60 0.50 0.33 0.92 0.89 0.29 0.53 0.85 0.55 0.55 0.87 0.92 0.81 0.41 0.35 0.87 1.00 0.91 0.96 0.94 0.63 0.27 0.96 0.97 0.91 0.42 0.35 0.37 0.52 0.18 0.18 0.47 0.75 0.77 0.99 0.97 0.40 0.06 0.28 0.66 0.34 0.30 0.64 1.00 ]
];
