D = 24;
n = [ 1 1 0 2 2 0 1 1 2 0 1 2 2 1 1 0 1 2 1 1 2 0 2 1 ];

N = 83;
d = [ 1 2 4 4 5 5 7 8 9 9 11 12 12 13 13 14 15 17 18 18 19 20 21 21 23 23 24 7 14 6 18 11 18 19 15 2 5 7 17 3 18 15 24 22 23 6 15 10 1 4 2 7 6 2 6 24 1 6 22 6 11 15 17 20 10 23 13 6 5 5 24 22 19 23 19 17 21 1 2 21 20 20 19 ];
m = [
[ 1.00 0.22 0.48 0.00 0.64 0.62 0.65 0.96 0.30 0.99 0.05 0.23 0.62 0.36 0.94 0.61 0.79 0.69 0.61 0.66 0.80 0.50 0.48 0.98 0.46 0.89 0.09 0.17 0.26 0.00 0.97 0.33 0.45 0.88 0.23 0.68 0.82 1.00 0.60 0.46 0.94 0.00 0.91 0.99 0.21 0.68 0.77 0.81 0.63 0.53 0.51 0.48 0.51 0.99 0.35 0.54 0.67 0.29 0.58 0.56 0.89 0.42 0.57 0.50 0.96 1.00 0.94 0.31 0.22 0.89 0.38 0.84 0.57 0.31 0.00 0.72 0.94 0.89 0.68 0.36 0.40 0.17 0.81 ]
[ 0.22 1.00 0.73 0.09 0.37 0.39 0.82 0.65 0.59 0.51 0.98 0.94 0.00 0.39 0.32 0.87 0.44 0.51 0.93 0.49 0.78 0.77 0.44 0.65 0.80 0.21 0.07 0.82 0.27 0.41 0.95 0.84 0.29 0.84 0.21 0.89 0.80 0.84 0.07 0.99 0.90 0.67 0.89 0.92 0.85 0.72 0.37 0.69 0.36 0.32 0.88 0.40 0.62 0.08 0.20 0.08 0.07 0.34 0.82 0.21 0.93 0.60 0.64 0.42 0.03 0.41 0.87 0.94 0.00 0.22 0.26 0.92 0.84 0.74 0.62 0.96 0.24 0.35 0.40 0.43 0.77 0.66 0.27 ]
[ 0.48 0.73 1.00 0.76 0.54 0.79 0.50 0.36 0.20 0.26 0.96 0.91 0.55 0.74 0.41 0.35 0.89 0.53 0.48 0.06 0.06 0.11 0.64 0.40 0.28 0.08 0.44 0.66 0.93 0.99 0.72 0.27 0.29 0.08 0.24 0.65 0.33 0.41 0.51 0.67 0.88 0.94 0.87 0.60 0.78 0.95 0.67 0.97 0.93 0.59 0.31 0.26 0.71 0.46 0.32 0.15 0.92 0.24 0.80 0.38 0.37 0.54 0.71 0.15 0.62 0.16 0.83 0.91 0.64 0.20 0.17 0.44 0.63 0.21 0.36 0.92 0.43 0.62 0.41 0.54 0.36 0.81 0.96 ]
[ 0.00 0.09 0.76 1.00 0.18 0.28 0.91 0.29 0.65 0.39 0.50 0.31 0.04 0.99 0.73 0.94 0.41 0.82 0.27 0.61 0.25 0.90 0.20 0.05 0.44 0.94 0.35 0.75 0.92 0.92 0.87 0.10 0.83 0.72 0.38 0.90 0.38 0.83 0.30 0.28 0.81 0.52 0.56 0.97 0.88 0.36 0.36 0.98 0.94 0.44 0.24 0.40 0.48 0.76 0.59 0.37 0.74 0.71 0.31 0.47 0.97 0.68 0.11 0.41 0.33 0.28 0.56 0.74 0.78 0.66 0.69 0.22 0.13 0.00 0.87 0.49 0.33 0.37 0.81 0.67 0.87 0.45 0.87 ]
[ 0.64 0.37 0.54 0.18 1.00 0.91 0.76 0.14 0.98 0.49 0.98 0.93 0.98 0.51 0.32 0.47 0.67 0.44 0.67 0.47 0.97 0.86 0.99 0.86 0.98 0.36 0.83 0.95 0.72 0.98 0.18 0.89 0.55 0.95 0.51 0.28 0.84 0.17 0.26 0.00 0.86 0.19 0.62 0.92 0.95 0.41 0.96 1.00 0.37 0.88 0.27 0.97 0.40 0.53 0.28 0.18 0.91 0.85 0.84 0.52 0.88 0.92 0.61 0.48 0.21 0.94 0.19 0.69 0.45 0.63 0.83 0.75 0.75 0.91 0.91 0.52 0.74 0.53 0.43 0.46 0.65 0.67 0.45 ]
[ 0.62 0.39 0.79 0.28 0.91 1.00 0.87 0.72 0.48 0.09 0.87 0.30 0.36 0.47 0.30 0.70 0.97 0.69 0.62 0.34 0.32 0.79 0.53 0.34 0.93 0.39 0.38 0.87 0.02 0.92 0.14 0.24 0.91 0.99 0.43 0.07 0.98 0.19 0.24 0.45 0.28 0.34 0.90 0.87 0.18 0.76 0.97 0.59 0.99 0.89 0.65 0.81 0.28 0.15 0.37 0.82 0.03 0.85 0.62 0.17 0.96 0.62 0.78 0.68 0.74 0.24 0.98 0.26 0.01 0.38 0.56 0.98 0.51 0.38 0.86 0.99 0.33 0.39 0.76 0.84 0.87 0.34 0.27 ]
[ 0.65 0.82 0.50 0.91 0.76 0.87 1.00 0.16 0.55 0.59 0.59 0.83 0.45 0.90 0.62 0.05 0.71 0.22 0.68 0.41 0.03 0.14 0.19 0.57 0.89 0.97 0.67 0.17 0.20 0.63 0.56 0.61 0.60 0.86 0.73 0.37 0.86 0.41 0.25 0.96 0.29 0.35 0.38 0.87 0.62 0.87 0.72 0.60 0.52 0.76 0.87 0.41 0.44 0.90 0.66 1.00 0.58 0.77 0.56 0.38 0.74 0.51 0.31 0.24 0.74 0.23 0.29 0.25 0.89 0.28 0.93 0.78 0.45 0.20 0.97 0.35 0.74 0.90 0.82 0.73 0.46 0.68 0.45 ]
[ 0.96 0.65 0.36 0.29 0.14 0.72 0.16 1.00 0.34 0.39 0.59 0.94 1.00 0.36 0.21 0.45 0.67 0.26 0.39 0.49 0.79 0.22 0.56 0.55 0.29 0.37 0.69 0.39 1.00 0.97 0.68 0.46 0.50 0.08 0.65 0.16 1.00 0.37 0.95 0.43 0.97 0.62 0.60 0.38 0.95 0.65 0.90 0.79 0.69 0.63 0.50 0.24 0.72 0.16 0.38 0.37 0.24 0.65 0.85 0.44 0.27 0.86 0.35 0.39 0.48 0.53 0.96 0.46 0.87 0.85 0.76 0.94 0.36 0.00 0.36 0.27 0.93 0.01 0.57 0.91 0.93 0.29 0.24 ]
[ 0.30 0.59 0.20 0.65 0.98 0.48 0.55 0.34 1.00 0.81 0.84 0.63 0.89 0.84 0.05 0.16 0.59 0.93 0.07 0.88 0.61 0.68 0.82 0.64 0.73 0.68 0.86 0.32 0.46 0.54 0.93 0.90 0.69 0.89 0.07 0.90 0.16 0.39 0.86 0.19 0.62 0.96 0.33 0.16 0.88 0.47 0.26 0.76 0.63 0.28 0.09 0.05 0.61 0.94 0.65 0.59 0.92 0.23 0.37 0.46 0.96 0.31 0.64 0.00 0.42 0.83 0.77 0.79 0.27 0.87 0.90 0.52 0.89 0.73 0.03 0.49 0.00 0.42 0.93 0.86 0.48 0.34 0.28 ]
[ 0.99 0.51 0.26 0.39 0.49 0.09 0.59 0.39 0.81 1.00 0.82 0.83 0.76 0.76 0.44 0.85 0.91 0.07 0.51 0.17 0.26 0.83 0.13 0.49 0.50 0.80 0.43 0.16 0.69 0.83 0.92 0.49 0.15 0.32 0.28 0.44 0.72 0.52 0.74 0.71 0.63 0.97 0.58 0.90 0.96 0.56 0.36 0.01 0.18 0.73 0.56 0.54 0.59 0.20 0.22 0.72 0.57 0.76 0.45 0.58 0.55 0.38 0.89 0.28 0.65 0.51 0.32 0.65 0.87 0.39 0.95 0.18 0.96 0.48 0.26 0.37 0.89 0.57 0.18 0.97 0.70 0.20 0.44 ]
[ 0.05 0.98 0.96 0.50 0.98 0.87 0.59 0.59 0.84 0.82 1.00 0.79 0.93 0.73 0.43 0.48 0.71 0.39 0.16 0.62 0.36 0.72 0.19 0.22 0.14 0.77 0.81 0.99 0.18 0.67 0.60 0.58 0.87 0.43 0.09 0.92 0.90 0.35 0.99 0.89 0.54 0.00 0.50 0.87 0.84 0.68 0.53 0.19 0.87 0.42 0.61 0.97 0.71 0.98 0.83 0.47 0.72 0.18 0.53 0.38 0.21 0.83 0.86 0.58 0.19 0.52 0.46 0.35 0.91 0.46 0.91 0.29 0.50 0.53 0.06 0.93 0.83 0.23 0.94 0.89 0.65 0.38 0.22 ]
[ 0.23 0.94 0.91 0.31 0.93 0.30 0.83 0.94 0.63 0.83 0.79 1.00 0.91 0.97 0.00 0.28 0.19 0.31 0.99 0.64 0.73 0.71 0.36 0.80 0.21 0.67 0.77 0.82 0.90 0.34 0.37 0.77 0.76 0.62 0.41 0.61 0.53 0.55 0.35 0.98 0.86 0.31 0.51 0.45 0.60 0.83 0.88 0.90 0.82 0.98 0.40 0.93 1.00 0.68 0.58 0.59 0.88 0.57 0.18 0.54 0.96 0.95 0.91 0.14 0.84 0.63 0.39 0.89 0.39 0.56 0.59 0.58 0.20 0.56 0.04 0.97 0.63 0.78 0.45 0.45 0.10 0.96 0.90 ]
[ 0.62 0.00 0.55 0.04 0.98 0.36 0.45 1.00 0.89 0.76 0.93 0.91 1.00 0.39 0.85 0.94 0.25 0.92 0.92 0.37 0.32 0.64 0.55 0.84 0.46 0.44 0.52 0.24 0.28 0.52 0.42 0.75 0.43 0.66 0.92 0.55 0.27 0.57 0.75 0.67 0.15 0.44 0.38 0.42 0.85 0.96 0.21 0.99 0.81 0.90 0.64 0.19 0.27 0.58 0.33 0.90 0.93 0.70 0.89 0.91 0.02 0.62 0.10 0.62 0.31 0.15 0.78 0.97 0.66 0.22 0.70 0.32 0.28 0.26 0.30 0.67 0.58 0.50 0.84 0.99 0.27 0.24 0.84 ]
[ 0.36 0.39 0.74 0.99 0.51 0.47 0.90 0.36 0.84 0.76 0.73 0.97 0.39 1.00 0.26 0.90 0.64 0.63 0.46 0.83 0.38 0.23 0.50 0.92 0.17 0.27 0.62 0.76 0.44 0.67 0.55 0.72 0.31 0.30 0.42 0.33 0.42 0.97 0.22 0.78 0.66 0.20 0.43 0.03 0.71 0.41 0.18 0.60 0.65 0.00 0.01 0.28 0.47 0.57 0.61 0.32 0.09 0.75 0.96 0.30 0.57 0.77 0.29 0.94 0.97 0.91 0.54 0.11 0.24 0.91 0.27 0.54 0.99 0.68 0.03 0.24 0.02 0.70 0.23 0.71 0.79 0.12 0.70 ]
[ 0.94 0.32 0.41 0.73 0.32 0.30 0.62 0.21 0.05 0.44 0.43 0.00 0.85 0.26 1.00 0.49 0.97 0.63 0.48 0.96 0.10 0.85 0.49 0.64 0.26 0.99 0.79 0.27 0.00 0.83 0.66 0.70 0.36 0.39 0.87 0.00 0.89 0.50 0.00 0.74 0.69 0.94 0.89 0.29 0.00 0.28 0.17 0.25 0.82 0.16 0.98 0.34 0.98 0.77 0.73 0.98 0.35 0.86 0.07 0.52 0.63 0.77 0.41 0.42 0.72 0.54 0.00 0.87 0.95 0.77 0.93 0.99 0.99 0.87 0.43 0.80 0.39 0.97 0.98 0.18 0.93 0.41 0.92 ]
[ 0.61 0.87 0.35 0.94 0.47 0.70 0.05 0.45 0.16 0.85 0.48 0.28 0.94 0.90 0.49 1.00 0.45 0.49 0.54 0.86 0.69 0.50 0.43 0.52 0.84 0.24 0.56 0.99 0.60 0.88 0.20 0.92 0.67 0.72 0.82 0.71 0.76 0.59 0.88 0.57 0.17 0.83 0.64 0.32 0.44 0.40 0.24 0.15 0.97 0.88 0.64 0.93 0.34 0.74 0.05 0.62 0.26 0.99 0.53 0.03 0.95 0.47 0.43 0.63 0.34 0.17 0.97 0.52 0.96 0.09 0.71 0.91 0.98 0.98 0.52 0.42 0.94 1.00 0.35 0.32 0.52 0.51 0.73 ]
[ 0.79 0.44 0.89 0.41 0.67 0.97 0.71 0.67 0.59 0.91 0.71 0.19 0.25 0.64 0.97 0.45 1.00 0.07 0.44 0.56 0.89 0.28 0.35 0.54 0.19 0.85 0.11 0.95 0.95 0.56 0.02 0.93 0.87 0.93 0.17 0.69 0.20 0.45 0.84 0.26 0.14 0.63 0.02 0.96 0.04 0.18 0.44 0.42 0.58 0.23 0.01 0.99 0.98 0.92 0.39 0.98 0.97 0.81 0.78 0.00 0.25 0.70 0.43 0.80 0.16 0.20 0.78 0.94 0.71 0.49 0.89 0.48 0.76 0.49 0.80 0.53 0.24 0.57 0.66 0.49 0.41 0.42 0.51 ]
[ 0.69 0.51 0.53 0.82 0.44 0.69 0.22 0.26 0.93 0.07 0.39 0.31 0.92 0.63 0.63 0.49 0.07 1.00 0.34 0.99 0.99 0.75 0.71 0.45 0.08 0.07 0.06 0.43 0.22 0.53 0.98 0.25 0.27 0.89 0.99 0.30 0.44 0.89 0.71 0.50 0.86 0.43 0.08 0.93 0.80 0.28 0.84 0.17 0.84 0.58 0.46 0.74 0.78 0.19 0.77 0.18 0.49 0.49 0.89 0.57 0.87 0.99 0.23 0.89 0.31 0.86 0.65 0.93 0.18 0.38 0.02 0.98 0.97 0.57 0.44 0.29 0.84 0.59 0.87 0.88 0.69 0.16 0.27 ]
[ 0.61 0.93 0.48 0.27 0.67 0.62 0.68 0.39 0.07 0.51 0.16 0.99 0.92 0.46 0.48 0.54 0.44 0.34 1.00 0.87 0.23 0.25 0.73 0.13 0.45 0.63 0.95 0.41 0.17 0.68 0.00 1.00 0.62 0.08 0.44 0.35 0.27 0.69 0.54 0.34 0.31 0.76 0.42 0.46 0.70 0.71 0.90 0.46 0.00 0.82 0.92 0.92 0.27 0.73 0.96 0.74 0.75 0.71 0.99 0.41 0.00 0.97 0.35 0.56 0.25 0.62 0.18 0.66 0.74 0.14 0.60 0.89 0.45 0.40 0.70 0.66 0.32 0.57 0.62 0.89 0.70 0.87 0.09 ]
[ 0.66 0.49 0.06 0.61 0.47 0.34 0.41 0.49 0.88 0.17 0.62 0.64 0.37 0.83 0.96 0.86 0.56 0.99 0.87 1.00 0.99 0.67 0.98 0.44 0.81 0.84 0.28 0.88 0.55 0.46 0.83 0.90 0.80 0.02 0.81 0.76 0.32 0.64 0.85 0.35 0.81 0.88 0.86 0.18 0.98 0.71 0.57 0.86 0.89 0.55 0.84 0.19 0.19 0.41 0.13 0.84 0.14 0.82 0.59 0.59 0.92 0.05 0.54 0.58 0.55 0.16 0.94 0.71 0.73 0.67 0.73 0.08 0.82 0.69 0.48 0.86 0.72 0.86 0.67 0.03 0.98 0.77 0.35 ]
[ 0.80 0.78 0.06 0.25 0.97 0.32 0.03 0.79 0.61 0.26 0.36 0.73 0.32 0.38 0.10 0.69 0.89 0.99 0.23 0.99 1.00 0.27 0.75 0.72 0.95 0.47 0.97 0.29 0.94 0.31 0.61 0.97 0.79 0.64 0.29 0.31 0.34 0.57 0.37 0.72 0.67 0.55 0.93 0.72 0.86 0.94 0.36 0.86 0.42 0.82 0.06 0.01 0.09 0.00 0.77 0.55 0.72 0.45 0.40 0.28 0.04 0.19 0.51 0.18 0.72 0.64 0.29 0.92 0.48 0.56 0.30 0.88 0.15 0.43 0.98 0.98 0.97 0.19 0.38 0.00 0.25 0.67 0.23 ]
[ 0.50 0.77 0.11 0.90 0.86 0.79 0.14 0.22 0.68 0.83 0.72 0.71 0.64 0.23 0.85 0.50 0.28 0.75 0.25 0.67 0.27 1.00 0.16 0.87 0.53 0.41 0.63 0.64 0.71 0.03 0.78 0.27 0.39 0.24 0.53 0.90 0.72 0.79 0.91 1.00 0.49 0.62 0.69 0.49 0.45 0.14 0.83 0.24 0.58 0.68 0.51 0.46 0.94 0.27 0.06 0.83 0.52 0.16 0.16 0.76 0.88 0.70 0.80 0.92 0.02 0.63 0.38 0.85 0.48 0.78 0.90 0.10 0.93 0.29 0.88 0.83 0.98 0.54 0.61 0.39 0.31 0.50 0.26 ]
[ 0.48 0.44 0.64 0.20 0.99 0.53 0.19 0.56 0.82 0.13 0.19 0.36 0.55 0.50 0.49 0.43 0.35 0.71 0.73 0.98 0.75 0.16 1.00 0.47 0.65 0.92 0.89 0.83 0.77 0.34 0.32 0.93 0.85 0.81 0.20 0.49 0.38 0.75 0.50 0.22 0.10 0.36 0.68 0.63 0.46 0.67 0.88 0.97 0.36 0.75 0.20 0.63 0.05 0.98 0.76 0.18 0.54 0.49 0.58 0.82 0.25 0.96 0.99 0.53 0.41 0.59 0.68 0.97 0.13 0.78 0.95 0.35 0.00 0.69 0.78 0.50 0.21 0.66 0.87 1.00 0.63 0.19 0.00 ]
[ 0.98 0.65 0.40 0.05 0.86 0.34 0.57 0.55 0.64 0.49 0.22 0.80 0.84 0.92 0.64 0.52 0.54 0.45 0.13 0.44 0.72 0.87 0.47 1.00 0.41 0.30 0.59 0.99 0.20 0.51 0.16 0.33 0.53 0.86 0.81 0.78 0.92 0.14 0.41 0.84 0.84 0.83 0.38 0.98 0.02 0.96 0.47 0.24 0.88 0.96 0.60 0.91 0.83 0.81 0.91 0.21 0.23 0.00 0.46 0.98 0.24 0.55 0.66 0.91 0.97 0.92 0.89 0.05 0.20 0.35 0.01 0.50 0.37 0.45 0.51 0.94 0.55 0.82 0.96 0.16 0.15 0.07 0.09 ]
[ 0.46 0.80 0.28 0.44 0.98 0.93 0.89 0.29 0.73 0.50 0.14 0.21 0.46 0.17 0.26 0.84 0.19 0.08 0.45 0.81 0.95 0.53 0.65 0.41 1.00 0.55 0.00 0.98 0.55 0.54 0.41 0.07 0.59 0.66 0.90 0.31 0.60 0.60 0.56 0.94 0.65 0.42 0.81 0.91 0.36 0.53 0.86 0.97 0.96 0.15 0.47 0.96 0.74 0.89 0.92 0.33 0.90 0.53 0.78 0.97 0.83 0.13 0.40 0.70 0.32 0.28 0.85 0.71 0.32 0.37 0.82 0.79 0.88 0.56 0.45 0.36 0.00 0.27 0.22 0.33 0.23 0.43 0.20 ]
[ 0.89 0.21 0.08 0.94 0.36 0.39 0.97 0.37 0.68 0.80 0.77 0.67 0.44 0.27 0.99 0.24 0.85 0.07 0.63 0.84 0.47 0.41 0.92 0.30 0.55 1.00 0.59 0.52 0.32 0.60 0.26 0.17 0.53 0.19 0.07 0.62 0.79 0.49 0.84 0.88 0.45 0.10 0.88 0.67 0.46 0.34 0.39 0.88 0.46 0.72 0.66 0.93 0.33 0.72 0.94 0.58 0.89 0.20 0.48 1.00 0.03 0.51 0.54 0.44 0.84 0.77 0.00 0.42 1.00 0.88 0.83 0.12 0.49 0.20 0.55 0.83 0.21 0.84 0.97 0.18 0.65 0.95 0.83 ]
[ 0.09 0.07 0.44 0.35 0.83 0.38 0.67 0.69 0.86 0.43 0.81 0.77 0.52 0.62 0.79 0.56 0.11 0.06 0.95 0.28 0.97 0.63 0.89 0.59 0.00 0.59 1.00 0.97 0.45 0.27 0.87 0.91 0.87 0.58 0.90 0.27 0.70 0.86 0.77 0.39 0.41 0.16 0.86 0.89 0.96 0.78 0.92 0.92 0.69 0.89 0.62 0.55 0.56 0.17 0.67 0.19 0.42 0.92 0.98 0.81 0.31 0.92 0.24 0.33 0.18 0.17 0.80 0.28 0.31 0.84 0.57 0.20 0.22 0.45 0.35 0.93 0.03 0.29 0.83 0.32 0.82 0.96 0.98 ]
[ 0.17 0.82 0.66 0.75 0.95 0.87 0.17 0.39 0.32 0.16 0.99 0.82 0.24 0.76 0.27 0.99 0.95 0.43 0.41 0.88 0.29 0.64 0.83 0.99 0.98 0.52 0.97 1.00 0.44 0.25 0.20 0.47 0.96 0.95 0.51 0.93 0.48 0.21 0.21 0.23 0.20 0.94 1.00 0.66 0.56 0.71 0.58 0.12 0.72 0.50 0.91 0.91 0.12 0.54 0.93 0.29 0.67 0.06 0.36 0.23 0.16 0.53 0.27 0.83 0.71 0.38 0.50 0.23 0.88 0.24 0.39 0.41 0.02 0.72 0.81 0.39 0.75 0.57 0.31 0.16 0.01 0.33 0.20 ]
[ 0.26 0.27 0.93 0.92 0.72 0.02 0.20 1.00 0.46 0.69 0.18 0.90 0.28 0.44 0.00 0.60 0.95 0.22 0.17 0.55 0.94 0.71 0.77 0.20 0.55 0.32 0.45 0.44 1.00 0.72 0.01 0.00 0.91 0.91 0.06 0.38 0.26 0.28 0.23 0.96 0.89 0.02 0.38 0.56 0.93 0.96 0.17 0.78 0.14 0.80 0.53 0.88 0.08 0.71 0.45 0.69 0.71 0.19 0.45 0.16 0.57 0.98 0.90 0.19 0.18 0.57 0.89 0.34 0.24 0.91 0.57 0.35 0.23 0.52 0.84 0.53 0.89 0.88 0.23 0.78 0.34 0.11 0.04 ]
[ 0.00 0.41 0.99 0.92 0.98 0.92 0.63 0.97 0.54 0.83 0.67 0.34 0.52 0.67 0.83 0.88 0.56 0.53 0.68 0.46 0.31 0.03 0.34 0.51 0.54 0.60 0.27 0.25 0.72 1.00 0.36 0.87 0.82 0.78 0.86 0.57 0.54 0.27 0.27 0.49 0.19 0.63 0.68 0.46 0.49 0.51 0.23 0.50 0.90 0.37 0.91 0.86 0.49 0.21 0.95 0.19 0.87 0.62 0.96 0.44 0.73 1.00 0.53 0.15 0.98 0.35 0.88 0.89 0.93 0.42 0.99 0.00 0.22 0.94 0.14 0.91 0.53 0.01 0.78 0.92 0.92 0.18 0.17 ]
[ 0.97 0.95 0.72 0.87 0.18 0.14 0.56 0.68 0.93 0.92 0.60 0.37 0.42 0.55 0.66 0.20 0.02 0.98 0.00 0.83 0.61 0.78 0.32 0.16 0.41 0.26 0.87 0.20 0.01 0.36 1.00 0.20 0.80 0.87 0.41 0.86 0.70 0.07 0.39 0.97 0.04 0.40 0.47 0.78 0.10 0.96 0.38 0.45 0.89 0.43 0.26 0.22 0.00 0.56 0.46 0.91 0.66 0.10 0.68 0.69 0.87 0.46 0.19 0.34 0.50 0.65 0.16 0.32 0.89 0.56 0.89 0.85 0.89 0.78 0.30 0.68 0.91 0.30 0.92 0.69 0.39 0.21 0.60 ]
[ 0.33 0.84 0.27 0.10 0.89 0.24 0.61 0.46 0.90 0.49 0.58 0.77 0.75 0.72 0.70 0.92 0.93 0.25 1.00 0.90 0.97 0.27 0.93 0.33 0.07 0.17 0.91 0.47 0.00 0.87 0.20 1.00 0.36 0.87 0.57 0.78 0.48 0.36 0.89 0.17 0.77 0.29 0.76 0.57 0.56 0.24 0.35 0.84 0.10 0.49 0.08 0.77 0.56 0.42 0.95 0.98 0.74 0.63 0.62 0.40 0.30 0.99 0.33 0.21 0.86 0.29 0.82 0.58 0.89 0.42 0.91 0.54 0.89 1.00 0.51 0.29 0.73 0.32 0.17 0.85 0.78 0.95 0.37 ]
[ 0.45 0.29 0.29 0.83 0.55 0.91 0.60 0.50 0.69 0.15 0.87 0.76 0.43 0.31 0.36 0.67 0.87 0.27 0.62 0.80 0.79 0.39 0.85 0.53 0.59 0.53 0.87 0.96 0.91 0.82 0.80 0.36 1.00 0.44 0.00 0.71 0.64 0.87 0.35 0.81 0.76 0.44 0.23 0.98 0.54 0.88 0.20 0.89 0.96 0.39 0.12 0.78 0.26 0.49 0.90 0.62 0.96 0.98 0.58 0.17 0.76 0.72 0.95 0.76 0.95 0.69 0.40 0.15 0.63 0.83 0.79 0.35 0.65 0.46 0.73 0.51 0.96 0.95 0.44 0.74 0.67 0.93 0.36 ]
[ 0.88 0.84 0.08 0.72 0.95 0.99 0.86 0.08 0.89 0.32 0.43 0.62 0.66 0.30 0.39 0.72 0.93 0.89 0.08 0.02 0.64 0.24 0.81 0.86 0.66 0.19 0.58 0.95 0.91 0.78 0.87 0.87 0.44 1.00 0.59 0.85 0.01 0.31 0.54 0.07 0.35 0.49 0.85 0.24 0.59 0.26 0.94 0.22 0.15 0.95 0.42 0.30 0.10 0.96 0.43 0.32 0.93 0.92 0.99 0.27 0.27 0.18 0.31 0.99 0.93 0.75 0.05 0.90 0.93 0.89 0.37 0.59 0.31 0.41 0.68 0.68 0.77 0.96 0.81 0.39 0.89 0.91 0.35 ]
[ 0.23 0.21 0.24 0.38 0.51 0.43 0.73 0.65 0.07 0.28 0.09 0.41 0.92 0.42 0.87 0.82 0.17 0.99 0.44 0.81 0.29 0.53 0.20 0.81 0.90 0.07 0.90 0.51 0.06 0.86 0.41 0.57 0.00 0.59 1.00 0.59 0.75 0.67 0.43 0.16 0.08 0.72 0.14 0.88 0.41 0.80 0.51 0.97 0.92 0.42 0.84 0.93 0.14 0.16 0.63 0.80 0.44 0.46 0.90 0.27 0.93 0.16 0.90 0.72 0.19 0.56 0.88 0.77 0.46 0.44 0.81 0.00 0.40 0.11 0.44 0.77 0.80 0.23 0.39 0.70 0.15 0.68 0.29 ]
[ 0.68 0.89 0.65 0.90 0.28 0.07 0.37 0.16 0.90 0.44 0.92 0.61 0.55 0.33 0.00 0.71 0.69 0.30 0.35 0.76 0.31 0.90 0.49 0.78 0.31 0.62 0.27 0.93 0.38 0.57 0.86 0.78 0.71 0.85 0.59 1.00 0.79 0.39 0.11 0.68 0.69 0.28 0.97 0.80 0.96 0.95 0.73 0.96 0.29 0.94 0.68 0.98 0.25 0.92 0.62 0.83 0.39 0.84 0.96 0.98 0.69 0.00 0.58 0.86 0.97 0.13 0.53 0.58 0.71 0.64 0.48 0.95 0.04 0.78 0.00 0.72 0.17 0.79 0.29 0.40 0.36 0.35 0.62 ]
[ 0.82 0.80 0.33 0.38 0.84 0.98 0.86 1.00 0.16 0.72 0.90 0.53 0.27 0.42 0.89 0.76 0.20 0.44 0.27 0.32 0.34 0.72 0.38 0.92 0.60 0.79 0.70 0.48 0.26 0.54 0.70 0.48 0.64 0.01 0.75 0.79 1.00 0.61 0.68 0.55 0.81 0.21 0.71 0.69 0.92 0.09 0.27 0.70 0.16 0.97 0.34 0.40 0.17 0.71 0.50 0.31 0.77 0.37 0.28 0.81 0.61 0.87 0.19 0.30 0.85 0.91 0.00 0.66 0.87 0.17 0.32 0.87 0.89 0.85 0.60 0.14 0.67 0.42 0.51 0.70 0.90 0.99 0.98 ]
[ 1.00 0.84 0.41 0.83 0.17 0.19 0.41 0.37 0.39 0.52 0.35 0.55 0.57 0.97 0.50 0.59 0.45 0.89 0.69 0.64 0.57 0.79 0.75 0.14 0.60 0.49 0.86 0.21 0.28 0.27 0.07 0.36 0.87 0.31 0.67 0.39 0.61 1.00 0.74 0.44 0.82 0.35 0.39 0.54 0.54 0.91 0.92 0.14 0.67 0.26 0.85 0.05 0.21 0.60 0.89 0.71 0.65 0.36 0.61 0.43 0.19 0.95 0.83 0.44 0.20 0.32 0.19 0.19 0.97 0.21 0.96 0.32 0.83 0.93 0.43 0.73 0.96 0.15 0.87 0.44 0.15 0.35 0.03 ]
[ 0.60 0.07 0.51 0.30 0.26 0.24 0.25 0.95 0.86 0.74 0.99 0.35 0.75 0.22 0.00 0.88 0.84 0.71 0.54 0.85 0.37 0.91 0.50 0.41 0.56 0.84 0.77 0.21 0.23 0.27 0.39 0.89 0.35 0.54 0.43 0.11 0.68 0.74 1.00 0.30 0.18 0.86 0.28 0.33 0.13 0.70 0.63 0.64 0.87 0.23 0.24 0.92 0.28 0.00 0.06 0.44 0.23 0.47 0.99 0.26 0.94 0.75 0.57 0.51 0.58 0.24 0.90 0.37 0.75 0.64 0.23 0.62 0.74 0.24 0.98 0.72 0.29 0.35 0.26 0.72 0.85 0.60 0.57 ]
[ 0.46 0.99 0.67 0.28 0.00 0.45 0.96 0.43 0.19 0.71 0.89 0.98 0.67 0.78 0.74 0.57 0.26 0.50 0.34 0.35 0.72 1.00 0.22 0.84 0.94 0.88 0.39 0.23 0.96 0.49 0.97 0.17 0.81 0.07 0.16 0.68 0.55 0.44 0.30 1.00 0.76 1.00 0.96 0.95 0.39 0.52 0.04 0.67 0.98 0.69 0.96 0.83 0.64 0.08 0.43 0.35 0.55 0.98 0.00 0.52 0.66 0.29 0.37 0.81 0.93 0.27 0.95 0.60 0.71 0.67 0.00 0.75 0.38 0.63 0.96 0.95 0.72 0.94 0.18 0.81 0.65 0.94 0.92 ]
[ 0.94 0.90 0.88 0.81 0.86 0.28 0.29 0.97 0.62 0.63 0.54 0.86 0.15 0.66 0.69 0.17 0.14 0.86 0.31 0.81 0.67 0.49 0.10 0.84 0.65 0.45 0.41 0.20 0.89 0.19 0.04 0.77 0.76 0.35 0.08 0.69 0.81 0.82 0.18 0.76 1.00 0.86 0.51 0.46 0.67 0.18 0.67 0.31 0.97 0.13 0.95 0.94 0.95 0.87 0.43 0.70 0.49 0.09 0.93 0.59 0.37 0.90 0.44 0.51 0.92 0.75 0.73 0.72 0.86 0.99 0.67 0.37 0.51 0.30 0.78 0.35 0.93 0.35 0.87 0.87 0.27 0.68 0.50 ]
[ 0.00 0.67 0.94 0.52 0.19 0.34 0.35 0.62 0.96 0.97 0.00 0.31 0.44 0.20 0.94 0.83 0.63 0.43 0.76 0.88 0.55 0.62 0.36 0.83 0.42 0.10 0.16 0.94 0.02 0.63 0.40 0.29 0.44 0.49 0.72 0.28 0.21 0.35 0.86 1.00 0.86 1.00 0.08 0.93 0.16 0.02 0.50 0.03 0.60 0.93 0.39 0.53 0.16 0.44 0.38 0.28 0.94 0.61 0.89 0.51 0.49 0.56 0.31 0.65 0.79 0.71 0.40 0.98 0.86 0.52 0.77 0.47 0.44 0.55 0.37 0.80 0.63 0.97 0.37 0.70 0.96 0.50 0.80 ]
[ 0.91 0.89 0.87 0.56 0.62 0.90 0.38 0.60 0.33 0.58 0.50 0.51 0.38 0.43 0.89 0.64 0.02 0.08 0.42 0.86 0.93 0.69 0.68 0.38 0.81 0.88 0.86 1.00 0.38 0.68 0.47 0.76 0.23 0.85 0.14 0.97 0.71 0.39 0.28 0.96 0.51 0.08 1.00 0.00 0.83 0.16 0.55 0.97 0.26 0.09 0.88 0.96 0.42 0.71 0.57 0.86 0.18 0.39 0.94 0.59 0.44 0.80 0.42 0.16 0.60 0.90 0.36 0.13 0.91 0.84 0.83 0.97 0.68 0.87 0.77 0.80 0.46 0.89 0.56 0.90 0.78 0.23 0.72 ]
[ 0.99 0.92 0.60 0.97 0.92 0.87 0.87 0.38 0.16 0.90 0.87 0.45 0.42 0.03 0.29 0.32 0.96 0.93 0.46 0.18 0.72 0.49 0.63 0.98 0.91 0.67 0.89 0.66 0.56 0.46 0.78 0.57 0.98 0.24 0.88 0.80 0.69 0.54 0.33 0.95 0.46 0.93 0.00 1.00 0.98 0.65 0.88 0.82 0.64 0.87 0.19 0.61 0.39 0.75 0.79 0.77 0.95 0.83 0.83 0.71 0.84 0.67 0.88 0.87 0.43 0.68 0.41 0.47 0.51 0.90 0.67 0.64 1.00 0.30 0.47 0.72 0.51 0.94 0.33 0.57 0.22 0.02 0.69 ]
[ 0.21 0.85 0.78 0.88 0.95 0.18 0.62 0.95 0.88 0.96 0.84 0.60 0.85 0.71 0.00 0.44 0.04 0.80 0.70 0.98 0.86 0.45 0.46 0.02 0.36 0.46 0.96 0.56 0.93 0.49 0.10 0.56 0.54 0.59 0.41 0.96 0.92 0.54 0.13 0.39 0.67 0.16 0.83 0.98 1.00 0.28 0.77 0.65 0.95 0.86 0.21 0.94 0.35 0.84 1.00 0.51 0.41 0.79 0.48 0.81 0.94 0.52 0.58 0.25 0.95 0.83 0.48 0.35 0.17 0.53 0.75 0.89 0.27 0.64 0.31 0.78 0.68 0.39 0.62 0.63 0.10 0.86 0.89 ]
[ 0.68 0.72 0.95 0.36 0.41 0.76 0.87 0.65 0.47 0.56 0.68 0.83 0.96 0.41 0.28 0.40 0.18 0.28 0.71 0.71 0.94 0.14 0.67 0.96 0.53 0.34 0.78 0.71 0.96 0.51 0.96 0.24 0.88 0.26 0.80 0.95 0.09 0.91 0.70 0.52 0.18 0.02 0.16 0.65 0.28 1.00 0.00 0.35 0.46 0.50 0.94 0.62 0.45 0.16 0.88 0.73 0.29 0.05 0.78 0.40 0.96 0.97 0.91 0.70 0.45 0.38 0.85 0.71 0.38 0.52 0.95 0.88 0.54 0.55 0.31 0.00 0.91 0.24 0.83 0.60 0.30 0.44 0.83 ]
[ 0.77 0.37 0.67 0.36 0.96 0.97 0.72 0.90 0.26 0.36 0.53 0.88 0.21 0.18 0.17 0.24 0.44 0.84 0.90 0.57 0.36 0.83 0.88 0.47 0.86 0.39 0.92 0.58 0.17 0.23 0.38 0.35 0.20 0.94 0.51 0.73 0.27 0.92 0.63 0.04 0.67 0.50 0.55 0.88 0.77 0.00 1.00 0.63 0.18 0.13 0.54 0.58 0.94 0.55 0.22 0.73 0.47 0.05 0.76 0.97 0.81 0.90 0.47 0.29 0.30 0.30 0.24 0.78 0.16 0.94 0.21 0.60 0.43 0.83 0.83 0.40 0.85 0.72 0.62 0.83 0.20 0.63 0.85 ]
[ 0.81 0.69 0.97 0.98 1.00 0.59 0.60 0.79 0.76 0.01 0.19 0.90 0.99 0.60 0.25 0.15 0.42 0.17 0.46 0.86 0.86 0.24 0.97 0.24 0.97 0.88 0.92 0.12 0.78 0.50 0.45 0.84 0.89 0.22 0.97 0.96 0.70 0.14 0.64 0.67 0.31 0.03 0.97 0.82 0.65 0.35 0.63 1.00 0.82 0.20 0.02 0.85 0.64 0.71 0.61 0.07 0.62 0.63 0.82 0.07 0.33 0.24 0.97 0.93 0.29 0.35 0.67 0.27 0.10 0.87 0.66 0.39 0.19 0.77 0.91 0.81 0.80 0.55 0.89 0.45 0.62 0.72 0.16 ]
[ 0.63 0.36 0.93 0.94 0.37 0.99 0.52 0.69 0.63 0.18 0.87 0.82 0.81 0.65 0.82 0.97 0.58 0.84 0.00 0.89 0.42 0.58 0.36 0.88 0.96 0.46 0.69 0.72 0.14 0.90 0.89 0.10 0.96 0.15 0.92 0.29 0.16 0.67 0.87 0.98 0.97 0.60 0.26 0.64 0.95 0.46 0.18 0.82 1.00 0.76 0.00 0.84 0.63 0.41 0.94 0.82 0.70 0.00 0.44 0.95 0.82 0.01 0.40 0.23 0.26 0.26 0.72 0.00 0.69 0.31 0.29 0.97 0.44 0.45 0.43 0.71 0.15 0.68 0.58 0.93 0.16 0.71 0.70 ]
[ 0.53 0.32 0.59 0.44 0.88 0.89 0.76 0.63 0.28 0.73 0.42 0.98 0.90 0.00 0.16 0.88 0.23 0.58 0.82 0.55 0.82 0.68 0.75 0.96 0.15 0.72 0.89 0.50 0.80 0.37 0.43 0.49 0.39 0.95 0.42 0.94 0.97 0.26 0.23 0.69 0.13 0.93 0.09 0.87 0.86 0.50 0.13 0.20 0.76 1.00 0.63 0.43 0.45 0.52 0.47 0.06 0.11 0.83 0.26 0.92 0.39 0.71 0.72 0.54 0.60 0.46 0.99 0.31 0.00 0.96 0.79 0.82 0.47 0.68 0.78 0.92 0.20 0.59 0.39 0.51 0.21 0.91 0.69 ]
[ 0.51 0.88 0.31 0.24 0.27 0.65 0.87 0.50 0.09 0.56 0.61 0.40 0.64 0.01 0.98 0.64 0.01 0.46 0.92 0.84 0.06 0.51 0.20 0.60 0.47 0.66 0.62 0.91 0.53 0.91 0.26 0.08 0.12 0.42 0.84 0.68 0.34 0.85 0.24 0.96 0.95 0.39 0.88 0.19 0.21 0.94 0.54 0.02 0.00 0.63 1.00 0.95 0.63 0.62 0.22 0.42 0.41 0.57 0.77 0.02 0.56 0.79 0.28 0.76 0.89 0.64 0.50 0.87 0.68 0.71 0.47 0.45 0.38 0.23 0.21 0.27 0.83 0.94 0.50 0.46 0.67 0.74 0.92 ]
[ 0.48 0.40 0.26 0.40 0.97 0.81 0.41 0.24 0.05 0.54 0.97 0.93 0.19 0.28 0.34 0.93 0.99 0.74 0.92 0.19 0.01 0.46 0.63 0.91 0.96 0.93 0.55 0.91 0.88 0.86 0.22 0.77 0.78 0.30 0.93 0.98 0.40 0.05 0.92 0.83 0.94 0.53 0.96 0.61 0.94 0.62 0.58 0.85 0.84 0.43 0.95 1.00 0.46 0.73 0.24 0.06 0.24 0.56 1.00 0.48 0.40 0.30 0.58 0.06 0.93 0.29 0.42 0.90 0.82 0.20 0.92 0.95 0.32 0.71 0.79 0.39 0.66 0.30 0.35 0.42 0.97 0.23 0.35 ]
[ 0.51 0.62 0.71 0.48 0.40 0.28 0.44 0.72 0.61 0.59 0.71 1.00 0.27 0.47 0.98 0.34 0.98 0.78 0.27 0.19 0.09 0.94 0.05 0.83 0.74 0.33 0.56 0.12 0.08 0.49 0.00 0.56 0.26 0.10 0.14 0.25 0.17 0.21 0.28 0.64 0.95 0.16 0.42 0.39 0.35 0.45 0.94 0.64 0.63 0.45 0.63 0.46 1.00 0.15 0.57 0.90 0.54 0.94 0.30 0.85 0.95 0.44 0.80 0.96 0.33 1.00 0.67 0.88 0.54 0.35 0.35 0.29 0.57 0.61 0.30 0.82 0.17 0.38 0.84 0.87 0.89 0.89 0.04 ]
[ 0.99 0.08 0.46 0.76 0.53 0.15 0.90 0.16 0.94 0.20 0.98 0.68 0.58 0.57 0.77 0.74 0.92 0.19 0.73 0.41 0.00 0.27 0.98 0.81 0.89 0.72 0.17 0.54 0.71 0.21 0.56 0.42 0.49 0.96 0.16 0.92 0.71 0.60 0.00 0.08 0.87 0.44 0.71 0.75 0.84 0.16 0.55 0.71 0.41 0.52 0.62 0.73 0.15 1.00 0.16 0.96 0.83 0.79 0.75 0.84 0.38 0.27 0.22 0.60 0.87 0.52 0.76 0.46 0.96 0.95 0.93 0.86 0.41 0.61 0.92 0.66 0.97 0.22 0.21 0.41 0.42 0.51 0.61 ]
[ 0.35 0.20 0.32 0.59 0.28 0.37 0.66 0.38 0.65 0.22 0.83 0.58 0.33 0.61 0.73 0.05 0.39 0.77 0.96 0.13 0.77 0.06 0.76 0.91 0.92 0.94 0.67 0.93 0.45 0.95 0.46 0.95 0.90 0.43 0.63 0.62 0.50 0.89 0.06 0.43 0.43 0.38 0.57 0.79 1.00 0.88 0.22 0.61 0.94 0.47 0.22 0.24 0.57 0.16 1.00 0.45 0.95 0.87 0.47 0.59 0.03 0.19 0.99 0.49 0.62 0.62 0.05 0.84 0.81 0.84 0.92 0.84 0.00 0.25 0.81 0.76 0.53 0.73 0.86 0.64 0.00 0.90 0.17 ]
[ 0.54 0.08 0.15 0.37 0.18 0.82 1.00 0.37 0.59 0.72 0.47 0.59 0.90 0.32 0.98 0.62 0.98 0.18 0.74 0.84 0.55 0.83 0.18 0.21 0.33 0.58 0.19 0.29 0.69 0.19 0.91 0.98 0.62 0.32 0.80 0.83 0.31 0.71 0.44 0.35 0.70 0.28 0.86 0.77 0.51 0.73 0.73 0.07 0.82 0.06 0.42 0.06 0.90 0.96 0.45 1.00 0.51 0.41 0.51 0.18 0.70 0.20 0.28 0.88 0.28 0.86 0.73 0.42 0.85 0.96 0.60 0.99 0.96 0.57 0.96 0.30 0.95 0.11 0.57 0.44 0.84 0.24 0.71 ]
[ 0.67 0.07 0.92 0.74 0.91 0.03 0.58 0.24 0.92 0.57 0.72 0.88 0.93 0.09 0.35 0.26 0.97 0.49 0.75 0.14 0.72 0.52 0.54 0.23 0.90 0.89 0.42 0.67 0.71 0.87 0.66 0.74 0.96 0.93 0.44 0.39 0.77 0.65 0.23 0.55 0.49 0.94 0.18 0.95 0.41 0.29 0.47 0.62 0.70 0.11 0.41 0.24 0.54 0.83 0.95 0.51 1.00 0.89 0.64 0.23 0.62 0.00 0.44 0.22 0.23 0.77 0.06 0.40 0.69 0.64 0.05 0.95 1.00 0.90 0.77 0.99 1.00 0.66 0.43 0.19 0.93 0.22 0.23 ]
[ 0.29 0.34 0.24 0.71 0.85 0.85 0.77 0.65 0.23 0.76 0.18 0.57 0.70 0.75 0.86 0.99 0.81 0.49 0.71 0.82 0.45 0.16 0.49 0.00 0.53 0.20 0.92 0.06 0.19 0.62 0.10 0.63 0.98 0.92 0.46 0.84 0.37 0.36 0.47 0.98 0.09 0.61 0.39 0.83 0.79 0.05 0.05 0.63 0.00 0.83 0.57 0.56 0.94 0.79 0.87 0.41 0.89 1.00 0.34 0.97 0.47 0.26 0.31 0.39 0.81 0.76 0.47 0.13 0.31 1.00 0.68 0.03 0.93 0.90 0.89 0.69 0.28 0.97 0.21 0.15 0.43 0.78 0.00 ]
[ 0.58 0.82 0.80 0.31 0.84 0.62 0.56 0.85 0.37 0.45 0.53 0.18 0.89 0.96 0.07 0.53 0.78 0.89 0.99 0.59 0.40 0.16 0.58 0.46 0.78 0.48 0.98 0.36 0.45 0.96 0.68 0.62 0.58 0.99 0.90 0.96 0.28 0.61 0.99 0.00 0.93 0.89 0.94 0.83 0.48 0.78 0.76 0.82 0.44 0.26 0.77 1.00 0.30 0.75 0.47 0.51 0.64 0.34 1.00 0.96 0.81 0.18 0.68 0.46 0.87 0.79 0.16 0.65 0.88 0.08 0.66 0.94 0.23 0.10 0.26 0.85 0.43 0.37 0.95 0.11 0.52 0.68 0.63 ]
[ 0.56 0.21 0.38 0.47 0.52 0.17 0.38 0.44 0.46 0.58 0.38 0.54 0.91 0.30 0.52 0.03 0.00 0.57 0.41 0.59 0.28 0.76 0.82 0.98 0.97 1.00 0.81 0.23 0.16 0.44 0.69 0.40 0.17 0.27 0.27 0.98 0.81 0.43 0.26 0.52 0.59 0.51 0.59 0.71 0.81 0.40 0.97 0.07 0.95 0.92 0.02 0.48 0.85 0.84 0.59 0.18 0.23 0.97 0.96 1.00 0.33 0.86 0.48 0.51 0.55 0.93 0.00 0.62 0.94 0.16 0.20 0.41 0.80 0.40 0.81 0.35 0.26 0.93 0.94 0.92 0.78 0.88 0.95 ]
[ 0.89 0.93 0.37 0.97 0.88 0.96 0.74 0.27 0.96 0.55 0.21 0.96 0.02 0.57 0.63 0.95 0.25 0.87 0.00 0.92 0.04 0.88 0.25 0.24 0.83 0.03 0.31 0.16 0.57 0.73 0.87 0.30 0.76 0.27 0.93 0.69 0.61 0.19 0.94 0.66 0.37 0.49 0.44 0.84 0.94 0.96 0.81 0.33 0.82 0.39 0.56 0.40 0.95 0.38 0.03 0.70 0.62 0.47 0.81 0.33 1.00 0.96 0.59 0.00 0.79 0.93 0.56 0.46 0.71 0.80 0.98 0.99 0.68 0.29 0.49 0.69 0.33 0.50 0.89 0.94 0.79 0.18 0.85 ]
[ 0.42 0.60 0.54 0.68 0.92 0.62 0.51 0.86 0.31 0.38 0.83 0.95 0.62 0.77 0.77 0.47 0.70 0.99 0.97 0.05 0.19 0.70 0.96 0.55 0.13 0.51 0.92 0.53 0.98 1.00 0.46 0.99 0.72 0.18 0.16 0.00 0.87 0.95 0.75 0.29 0.90 0.56 0.80 0.67 0.52 0.97 0.90 0.24 0.01 0.71 0.79 0.30 0.44 0.27 0.19 0.20 0.00 0.26 0.18 0.86 0.96 1.00 0.00 0.31 0.68 0.91 0.60 0.20 0.71 0.32 0.96 0.22 0.41 0.11 0.55 0.19 0.26 0.87 0.13 0.87 0.92 0.35 0.95 ]
[ 0.57 0.64 0.71 0.11 0.61 0.78 0.31 0.35 0.64 0.89 0.86 0.91 0.10 0.29 0.41 0.43 0.43 0.23 0.35 0.54 0.51 0.80 0.99 0.66 0.40 0.54 0.24 0.27 0.90 0.53 0.19 0.33 0.95 0.31 0.90 0.58 0.19 0.83 0.57 0.37 0.44 0.31 0.42 0.88 0.58 0.91 0.47 0.97 0.40 0.72 0.28 0.58 0.80 0.22 0.99 0.28 0.44 0.31 0.68 0.48 0.59 0.00 1.00 0.80 0.78 0.20 0.95 0.74 0.54 0.83 0.32 0.67 0.21 0.55 0.27 0.93 0.31 0.63 0.27 0.06 0.69 0.63 0.60 ]
[ 0.50 0.42 0.15 0.41 0.48 0.68 0.24 0.39 0.00 0.28 0.58 0.14 0.62 0.94 0.42 0.63 0.80 0.89 0.56 0.58 0.18 0.92 0.53 0.91 0.70 0.44 0.33 0.83 0.19 0.15 0.34 0.21 0.76 0.99 0.72 0.86 0.30 0.44 0.51 0.81 0.51 0.65 0.16 0.87 0.25 0.70 0.29 0.93 0.23 0.54 0.76 0.06 0.96 0.60 0.49 0.88 0.22 0.39 0.46 0.51 0.00 0.31 0.80 1.00 0.92 0.23 0.37 0.45 0.66 0.99 0.47 0.15 0.95 0.73 0.25 0.83 0.19 1.00 0.25 0.33 0.12 0.85 0.65 ]
[ 0.96 0.03 0.62 0.33 0.21 0.74 0.74 0.48 0.42 0.65 0.19 0.84 0.31 0.97 0.72 0.34 0.16 0.31 0.25 0.55 0.72 0.02 0.41 0.97 0.32 0.84 0.18 0.71 0.18 0.98 0.50 0.86 0.95 0.93 0.19 0.97 0.85 0.20 0.58 0.93 0.92 0.79 0.60 0.43 0.95 0.45 0.30 0.29 0.26 0.60 0.89 0.93 0.33 0.87 0.62 0.28 0.23 0.81 0.87 0.55 0.79 0.68 0.78 0.92 1.00 0.29 0.81 0.68 0.88 0.43 0.15 0.00 0.24 0.87 0.34 0.61 0.18 0.33 0.87 0.59 0.90 0.47 0.85 ]
[ 1.00 0.41 0.16 0.28 0.94 0.24 0.23 0.53 0.83 0.51 0.52 0.63 0.15 0.91 0.54 0.17 0.20 0.86 0.62 0.16 0.64 0.63 0.59 0.92 0.28 0.77 0.17 0.38 0.57 0.35 0.65 0.29 0.69 0.75 0.56 0.13 0.91 0.32 0.24 0.27 0.75 0.71 0.90 0.68 0.83 0.38 0.30 0.35 0.26 0.46 0.64 0.29 1.00 0.52 0.62 0.86 0.77 0.76 0.79 0.93 0.93 0.91 0.20 0.23 0.29 1.00 0.53 0.66 0.72 0.35 0.69 0.33 0.20 0.73 0.51 0.85 0.49 0.43 0.44 0.87 0.53 0.06 0.55 ]
[ 0.94 0.87 0.83 0.56 0.19 0.98 0.29 0.96 0.77 0.32 0.46 0.39 0.78 0.54 0.00 0.97 0.78 0.65 0.18 0.94 0.29 0.38 0.68 0.89 0.85 0.00 0.80 0.50 0.89 0.88 0.16 0.82 0.40 0.05 0.88 0.53 0.00 0.19 0.90 0.95 0.73 0.40 0.36 0.41 0.48 0.85 0.24 0.67 0.72 0.99 0.50 0.42 0.67 0.76 0.05 0.73 0.06 0.47 0.16 0.00 0.56 0.60 0.95 0.37 0.81 0.53 1.00 0.42 0.96 0.91 0.20 0.00 0.87 0.89 0.95 0.79 0.94 0.98 0.47 0.98 0.26 0.69 0.94 ]
[ 0.31 0.94 0.91 0.74 0.69 0.26 0.25 0.46 0.79 0.65 0.35 0.89 0.97 0.11 0.87 0.52 0.94 0.93 0.66 0.71 0.92 0.85 0.97 0.05 0.71 0.42 0.28 0.23 0.34 0.89 0.32 0.58 0.15 0.90 0.77 0.58 0.66 0.19 0.37 0.60 0.72 0.98 0.13 0.47 0.35 0.71 0.78 0.27 0.00 0.31 0.87 0.90 0.88 0.46 0.84 0.42 0.40 0.13 0.65 0.62 0.46 0.20 0.74 0.45 0.68 0.66 0.42 1.00 0.94 0.61 0.44 0.40 0.56 0.89 0.41 0.81 0.45 0.90 0.34 0.79 0.02 0.29 0.90 ]
[ 0.22 0.00 0.64 0.78 0.45 0.01 0.89 0.87 0.27 0.87 0.91 0.39 0.66 0.24 0.95 0.96 0.71 0.18 0.74 0.73 0.48 0.48 0.13 0.20 0.32 1.00 0.31 0.88 0.24 0.93 0.89 0.89 0.63 0.93 0.46 0.71 0.87 0.97 0.75 0.71 0.86 0.86 0.91 0.51 0.17 0.38 0.16 0.10 0.69 0.00 0.68 0.82 0.54 0.96 0.81 0.85 0.69 0.31 0.88 0.94 0.71 0.71 0.54 0.66 0.88 0.72 0.96 0.94 1.00 0.97 0.73 0.29 0.60 0.37 0.86 0.20 0.52 0.96 0.55 0.34 0.75 0.15 0.33 ]
[ 0.89 0.22 0.20 0.66 0.63 0.38 0.28 0.85 0.87 0.39 0.46 0.56 0.22 0.91 0.77 0.09 0.49 0.38 0.14 0.67 0.56 0.78 0.78 0.35 0.37 0.88 0.84 0.24 0.91 0.42 0.56 0.42 0.83 0.89 0.44 0.64 0.17 0.21 0.64 0.67 0.99 0.52 0.84 0.90 0.53 0.52 0.94 0.87 0.31 0.96 0.71 0.20 0.35 0.95 0.84 0.96 0.64 1.00 0.08 0.16 0.80 0.32 0.83 0.99 0.43 0.35 0.91 0.61 0.97 1.00 0.99 0.18 0.07 0.03 0.22 0.89 0.87 0.83 0.96 0.29 0.48 0.49 0.09 ]
[ 0.38 0.26 0.17 0.69 0.83 0.56 0.93 0.76 0.90 0.95 0.91 0.59 0.70 0.27 0.93 0.71 0.89 0.02 0.60 0.73 0.30 0.90 0.95 0.01 0.82 0.83 0.57 0.39 0.57 0.99 0.89 0.91 0.79 0.37 0.81 0.48 0.32 0.96 0.23 0.00 0.67 0.77 0.83 0.67 0.75 0.95 0.21 0.66 0.29 0.79 0.47 0.92 0.35 0.93 0.92 0.60 0.05 0.68 0.66 0.20 0.98 0.96 0.32 0.47 0.15 0.69 0.20 0.44 0.73 0.99 1.00 0.79 0.39 0.74 0.67 0.84 0.67 0.99 0.22 0.32 0.48 0.42 0.66 ]
[ 0.84 0.92 0.44 0.22 0.75 0.98 0.78 0.94 0.52 0.18 0.29 0.58 0.32 0.54 0.99 0.91 0.48 0.98 0.89 0.08 0.88 0.10 0.35 0.50 0.79 0.12 0.20 0.41 0.35 0.00 0.85 0.54 0.35 0.59 0.00 0.95 0.87 0.32 0.62 0.75 0.37 0.47 0.97 0.64 0.89 0.88 0.60 0.39 0.97 0.82 0.45 0.95 0.29 0.86 0.84 0.99 0.95 0.03 0.94 0.41 0.99 0.22 0.67 0.15 0.00 0.33 0.00 0.40 0.29 0.18 0.79 1.00 0.58 0.06 0.80 0.47 0.60 0.17 0.19 0.41 0.16 0.89 0.81 ]
[ 0.57 0.84 0.63 0.13 0.75 0.51 0.45 0.36 0.89 0.96 0.50 0.20 0.28 0.99 0.99 0.98 0.76 0.97 0.45 0.82 0.15 0.93 0.00 0.37 0.88 0.49 0.22 0.02 0.23 0.22 0.89 0.89 0.65 0.31 0.40 0.04 0.89 0.83 0.74 0.38 0.51 0.44 0.68 1.00 0.27 0.54 0.43 0.19 0.44 0.47 0.38 0.32 0.57 0.41 0.00 0.96 1.00 0.93 0.23 0.80 0.68 0.41 0.21 0.95 0.24 0.20 0.87 0.56 0.60 0.07 0.39 0.58 1.00 0.24 0.93 0.44 0.70 0.54 0.39 0.93 0.99 0.87 0.12 ]
[ 0.31 0.74 0.21 0.00 0.91 0.38 0.20 0.00 0.73 0.48 0.53 0.56 0.26 0.68 0.87 0.98 0.49 0.57 0.40 0.69 0.43 0.29 0.69 0.45 0.56 0.20 0.45 0.72 0.52 0.94 0.78 1.00 0.46 0.41 0.11 0.78 0.85 0.93 0.24 0.63 0.30 0.55 0.87 0.30 0.64 0.55 0.83 0.77 0.45 0.68 0.23 0.71 0.61 0.61 0.25 0.57 0.90 0.90 0.10 0.40 0.29 0.11 0.55 0.73 0.87 0.73 0.89 0.89 0.37 0.03 0.74 0.06 0.24 1.00 0.19 0.79 0.76 0.52 0.76 0.49 0.95 0.09 0.16 ]
[ 0.00 0.62 0.36 0.87 0.91 0.86 0.97 0.36 0.03 0.26 0.06 0.04 0.30 0.03 0.43 0.52 0.80 0.44 0.70 0.48 0.98 0.88 0.78 0.51 0.45 0.55 0.35 0.81 0.84 0.14 0.30 0.51 0.73 0.68 0.44 0.00 0.60 0.43 0.98 0.96 0.78 0.37 0.77 0.47 0.31 0.31 0.83 0.91 0.43 0.78 0.21 0.79 0.30 0.92 0.81 0.96 0.77 0.89 0.26 0.81 0.49 0.55 0.27 0.25 0.34 0.51 0.95 0.41 0.86 0.22 0.67 0.80 0.93 0.19 1.00 0.31 0.97 0.49 0.97 0.89 0.84 0.21 0.98 ]
[ 0.72 0.96 0.92 0.49 0.52 0.99 0.35 0.27 0.49 0.37 0.93 0.97 0.67 0.24 0.80 0.42 0.53 0.29 0.66 0.86 0.98 0.83 0.50 0.94 0.36 0.83 0.93 0.39 0.53 0.91 0.68 0.29 0.51 0.68 0.77 0.72 0.14 0.73 0.72 0.95 0.35 0.80 0.80 0.72 0.78 0.00 0.40 0.81 0.71 0.92 0.27 0.39 0.82 0.66 0.76 0.30 0.99 0.69 0.85 0.35 0.69 0.19 0.93 0.83 0.61 0.85 0.79 0.81 0.20 0.89 0.84 0.47 0.44 0.79 0.31 1.00 0.47 0.99 0.98 0.92 0.71 0.06 0.31 ]
[ 0.94 0.24 0.43 0.33 0.74 0.33 0.74 0.93 0.00 0.89 0.83 0.63 0.58 0.02 0.39 0.94 0.24 0.84 0.32 0.72 0.97 0.98 0.21 0.55 0.00 0.21 0.03 0.75 0.89 0.53 0.91 0.73 0.96 0.77 0.80 0.17 0.67 0.96 0.29 0.72 0.93 0.63 0.46 0.51 0.68 0.91 0.85 0.80 0.15 0.20 0.83 0.66 0.17 0.97 0.53 0.95 1.00 0.28 0.43 0.26 0.33 0.26 0.31 0.19 0.18 0.49 0.94 0.45 0.52 0.87 0.67 0.60 0.70 0.76 0.97 0.47 1.00 0.69 0.82 0.17 0.75 0.75 0.97 ]
[ 0.89 0.35 0.62 0.37 0.53 0.39 0.90 0.01 0.42 0.57 0.23 0.78 0.50 0.70 0.97 1.00 0.57 0.59 0.57 0.86 0.19 0.54 0.66 0.82 0.27 0.84 0.29 0.57 0.88 0.01 0.30 0.32 0.95 0.96 0.23 0.79 0.42 0.15 0.35 0.94 0.35 0.97 0.89 0.94 0.39 0.24 0.72 0.55 0.68 0.59 0.94 0.30 0.38 0.22 0.73 0.11 0.66 0.97 0.37 0.93 0.50 0.87 0.63 1.00 0.33 0.43 0.98 0.90 0.96 0.83 0.99 0.17 0.54 0.52 0.49 0.99 0.69 1.00 0.87 0.77 0.76 0.65 0.39 ]
[ 0.68 0.40 0.41 0.81 0.43 0.76 0.82 0.57 0.93 0.18 0.94 0.45 0.84 0.23 0.98 0.35 0.66 0.87 0.62 0.67 0.38 0.61 0.87 0.96 0.22 0.97 0.83 0.31 0.23 0.78 0.92 0.17 0.44 0.81 0.39 0.29 0.51 0.87 0.26 0.18 0.87 0.37 0.56 0.33 0.62 0.83 0.62 0.89 0.58 0.39 0.50 0.35 0.84 0.21 0.86 0.57 0.43 0.21 0.95 0.94 0.89 0.13 0.27 0.25 0.87 0.44 0.47 0.34 0.55 0.96 0.22 0.19 0.39 0.76 0.97 0.98 0.82 0.87 1.00 0.57 0.79 0.83 0.71 ]
[ 0.36 0.43 0.54 0.67 0.46 0.84 0.73 0.91 0.86 0.97 0.89 0.45 0.99 0.71 0.18 0.32 0.49 0.88 0.89 0.03 0.00 0.39 1.00 0.16 0.33 0.18 0.32 0.16 0.78 0.92 0.69 0.85 0.74 0.39 0.70 0.40 0.70 0.44 0.72 0.81 0.87 0.70 0.90 0.57 0.63 0.60 0.83 0.45 0.93 0.51 0.46 0.42 0.87 0.41 0.64 0.44 0.19 0.15 0.11 0.92 0.94 0.87 0.06 0.33 0.59 0.87 0.98 0.79 0.34 0.29 0.32 0.41 0.93 0.49 0.89 0.92 0.17 0.77 0.57 1.00 0.64 0.62 0.87 ]
[ 0.40 0.77 0.36 0.87 0.65 0.87 0.46 0.93 0.48 0.70 0.65 0.10 0.27 0.79 0.93 0.52 0.41 0.69 0.70 0.98 0.25 0.31 0.63 0.15 0.23 0.65 0.82 0.01 0.34 0.92 0.39 0.78 0.67 0.89 0.15 0.36 0.90 0.15 0.85 0.65 0.27 0.96 0.78 0.22 0.10 0.30 0.20 0.62 0.16 0.21 0.67 0.97 0.89 0.42 0.00 0.84 0.93 0.43 0.52 0.78 0.79 0.92 0.69 0.12 0.90 0.53 0.26 0.02 0.75 0.48 0.48 0.16 0.99 0.95 0.84 0.71 0.75 0.76 0.79 0.64 1.00 0.22 0.53 ]
[ 0.17 0.66 0.81 0.45 0.67 0.34 0.68 0.29 0.34 0.20 0.38 0.96 0.24 0.12 0.41 0.51 0.42 0.16 0.87 0.77 0.67 0.50 0.19 0.07 0.43 0.95 0.96 0.33 0.11 0.18 0.21 0.95 0.93 0.91 0.68 0.35 0.99 0.35 0.60 0.94 0.68 0.50 0.23 0.02 0.86 0.44 0.63 0.72 0.71 0.91 0.74 0.23 0.89 0.51 0.90 0.24 0.22 0.78 0.68 0.88 0.18 0.35 0.63 0.85 0.47 0.06 0.69 0.29 0.15 0.49 0.42 0.89 0.87 0.09 0.21 0.06 0.75 0.65 0.83 0.62 0.22 1.00 0.21 ]
[ 0.81 0.27 0.96 0.87 0.45 0.27 0.45 0.24 0.28 0.44 0.22 0.90 0.84 0.70 0.92 0.73 0.51 0.27 0.09 0.35 0.23 0.26 0.00 0.09 0.20 0.83 0.98 0.20 0.04 0.17 0.60 0.37 0.36 0.35 0.29 0.62 0.98 0.03 0.57 0.92 0.50 0.80 0.72 0.69 0.89 0.83 0.85 0.16 0.70 0.69 0.92 0.35 0.04 0.61 0.17 0.71 0.23 0.00 0.63 0.95 0.85 0.95 0.60 0.65 0.85 0.55 0.94 0.90 0.33 0.09 0.66 0.81 0.12 0.16 0.98 0.31 0.97 0.39 0.71 0.87 0.53 0.21 1.00 ]
];
