D = 15;
n = [ 1 0 0 1 0 0 3 2 1 1 3 3 0 3 1 ];

N = 70;
d = [ 1 4 7 7 7 8 8 9 10 11 11 11 12 12 12 14 14 14 15 13 10 7 11 15 6 2 3 14 11 7 9 12 8 11 6 9 4 2 2 5 3 1 6 9 14 6 2 6 8 10 10 9 8 12 1 5 14 10 3 9 1 12 5 15 14 3 15 2 4 1 ];
m = [
[ 1.00 0.57 0.27 0.84 0.89 0.84 0.00 0.94 0.75 0.37 0.22 0.32 0.87 0.67 0.83 0.94 0.90 0.07 0.40 0.44 0.75 0.58 0.64 0.27 0.88 0.00 0.04 0.27 0.16 0.23 0.89 0.32 0.45 0.55 0.69 0.33 0.85 0.16 0.88 0.19 0.46 0.62 0.44 0.22 0.24 0.86 0.35 0.93 0.66 0.54 0.32 0.79 0.90 0.25 0.88 0.89 0.66 0.05 0.71 0.54 0.95 0.90 0.99 0.62 0.98 0.00 0.02 0.01 0.91 0.93 ]
[ 0.57 1.00 0.88 0.88 0.07 0.27 0.82 0.27 0.90 0.30 0.67 0.81 0.99 0.56 0.31 0.46 0.64 0.51 0.64 0.96 0.13 0.69 0.51 0.65 0.96 0.86 0.99 0.76 0.29 0.99 0.25 0.00 0.41 0.66 0.32 0.04 0.37 0.81 0.82 0.60 0.94 0.26 0.68 0.06 0.50 0.91 0.66 0.92 0.81 0.27 0.60 0.37 0.91 0.70 0.78 0.20 0.88 1.00 0.33 0.78 0.65 0.44 0.64 0.53 0.24 0.74 0.02 0.66 0.91 0.81 ]
[ 0.27 0.88 1.00 0.82 0.70 0.32 0.01 0.26 0.89 0.89 0.90 0.57 0.58 0.55 0.50 0.58 0.32 0.96 0.39 0.29 0.74 0.78 0.81 0.98 0.99 0.78 0.87 0.21 0.30 0.03 0.39 0.99 0.73 0.69 0.43 0.36 0.06 0.26 0.89 0.93 0.29 0.91 0.81 0.18 0.23 0.76 0.17 0.00 0.76 0.72 0.98 0.39 0.27 0.89 0.68 0.86 0.93 0.04 0.47 0.76 0.75 0.49 0.87 0.90 0.70 0.19 0.99 0.71 0.79 0.95 ]
[ 0.84 0.88 0.82 1.00 0.00 0.65 0.79 0.13 0.62 0.94 0.50 0.97 0.76 0.88 0.98 0.80 0.36 0.39 0.31 0.86 0.72 0.50 0.15 0.48 0.16 0.82 0.12 0.38 0.71 0.55 0.98 0.28 0.72 0.94 0.14 0.83 0.47 0.92 0.76 0.25 0.18 0.91 0.73 0.54 0.30 0.34 0.59 0.31 0.83 0.50 0.50 0.61 0.14 0.91 0.21 0.64 0.60 1.00 0.97 0.86 0.63 0.22 0.72 0.68 0.26 0.63 0.66 0.94 0.47 0.50 ]
[ 0.89 0.07 0.70 0.00 1.00 0.55 0.95 0.04 0.63 0.32 0.24 0.87 0.30 0.54 0.68 0.31 0.40 0.96 0.60 0.84 0.97 0.39 0.97 0.24 0.66 0.32 0.35 0.86 0.41 0.92 0.39 0.54 0.95 0.62 0.52 0.07 0.88 0.67 0.44 0.46 0.33 0.15 0.22 0.86 0.66 0.57 0.03 0.70 0.47 0.88 0.24 0.35 0.43 0.38 0.79 0.00 0.27 0.82 0.56 0.96 0.97 0.61 0.49 0.94 0.34 0.54 0.29 0.93 0.55 0.98 ]
[ 0.84 0.27 0.32 0.65 0.55 1.00 0.93 0.90 0.24 0.91 0.38 0.68 0.91 0.14 0.31 0.34 0.95 0.69 0.15 0.43 0.99 0.99 0.80 0.02 0.93 0.68 0.62 1.00 0.14 1.00 0.50 0.63 0.86 0.85 0.70 0.60 0.62 0.26 0.75 0.61 0.97 0.89 0.81 0.56 0.00 0.94 0.66 0.68 0.80 0.13 0.84 0.62 0.99 0.74 0.22 0.88 0.81 0.72 0.09 0.00 0.38 0.54 0.91 0.80 0.51 0.91 0.22 0.88 0.36 0.59 ]
[ 0.00 0.82 0.01 0.79 0.95 0.93 1.00 0.25 0.79 0.93 0.51 0.74 0.57 0.23 0.31 0.92 0.78 0.83 0.48 0.37 0.25 0.62 0.16 0.59 0.78 0.61 0.32 0.99 0.62 0.00 0.09 0.18 0.47 0.96 0.86 0.56 0.95 0.85 0.19 0.60 0.97 0.90 0.71 0.98 0.40 0.40 0.39 0.45 0.44 0.00 0.93 0.37 0.99 0.66 0.59 0.05 0.87 0.99 0.43 0.16 0.94 0.31 0.31 0.83 0.18 0.69 0.92 0.35 0.10 0.20 ]
[ 0.94 0.27 0.26 0.13 0.04 0.90 0.25 1.00 0.90 0.98 0.83 0.58 0.17 0.32 0.93 0.27 0.21 0.69 0.90 0.63 0.59 0.87 1.00 0.93 0.57 0.72 0.03 0.81 0.00 0.28 0.94 0.15 0.66 0.21 0.48 0.55 0.33 0.42 0.51 0.01 0.88 0.95 0.60 0.67 0.26 0.64 0.54 0.18 0.74 0.27 0.68 0.08 0.89 0.54 0.54 0.60 0.87 0.55 0.43 0.58 0.89 0.35 0.85 0.02 0.46 0.26 0.15 0.31 0.59 0.20 ]
[ 0.75 0.90 0.89 0.62 0.63 0.24 0.79 0.90 1.00 0.44 0.82 0.16 0.89 0.75 0.99 0.28 0.79 0.08 0.18 0.89 0.30 0.79 0.93 0.00 0.59 0.60 0.63 0.39 0.46 0.22 0.96 0.93 0.22 0.52 0.67 0.06 0.96 0.98 0.31 0.44 0.24 0.28 0.31 0.01 0.35 1.00 0.90 0.82 0.30 0.55 0.16 0.80 0.10 0.99 0.29 0.96 0.44 0.87 0.46 0.37 0.41 0.66 0.73 0.27 0.88 0.16 0.96 0.82 0.66 0.31 ]
[ 0.37 0.30 0.89 0.94 0.32 0.91 0.93 0.98 0.44 1.00 0.34 0.34 0.77 0.38 0.60 0.20 0.82 0.67 0.50 0.73 0.95 0.76 0.70 0.96 0.67 0.47 0.14 0.64 0.26 0.26 0.63 0.12 0.17 0.46 0.48 0.88 0.24 0.93 0.78 0.45 0.88 0.61 0.94 0.82 0.43 0.93 0.05 0.96 0.80 0.78 0.46 0.93 0.26 0.92 0.89 0.65 0.70 0.94 0.67 0.27 0.63 0.30 0.87 0.43 0.22 0.46 0.42 0.87 0.16 0.59 ]
[ 0.22 0.67 0.90 0.50 0.24 0.38 0.51 0.83 0.82 0.34 1.00 0.48 0.96 0.66 0.95 0.81 0.94 0.54 0.95 0.68 0.65 0.39 0.44 0.24 0.35 0.01 0.45 0.89 0.72 0.54 0.46 0.36 0.23 0.98 0.93 0.71 0.50 0.43 0.98 0.44 0.63 0.19 0.18 0.36 0.35 0.37 0.40 0.69 0.48 0.31 0.33 0.32 0.27 0.61 0.27 0.03 0.54 0.83 0.94 0.92 0.24 0.94 0.42 0.99 0.84 0.98 0.29 1.00 0.67 0.44 ]
[ 0.32 0.81 0.57 0.97 0.87 0.68 0.74 0.58 0.16 0.34 0.48 1.00 0.96 0.70 0.77 0.76 0.16 0.38 0.22 0.94 0.89 0.39 0.11 0.48 0.36 0.35 0.02 0.83 0.90 0.86 0.50 0.62 0.36 0.61 0.99 0.13 0.97 0.43 0.44 0.07 0.05 0.68 0.45 0.33 0.48 0.83 0.38 0.49 0.95 0.16 0.91 0.65 0.23 0.11 0.83 0.89 0.82 0.96 0.67 0.25 0.90 0.28 0.67 0.89 0.97 0.81 0.30 0.92 0.96 0.75 ]
[ 0.87 0.99 0.58 0.76 0.30 0.91 0.57 0.17 0.89 0.77 0.96 0.96 1.00 0.45 0.00 0.22 0.68 0.96 0.19 0.85 0.97 0.80 0.25 0.42 0.82 0.66 0.79 0.58 0.30 0.76 0.91 0.84 0.72 0.86 0.97 0.02 0.72 0.10 0.71 0.17 0.60 0.87 0.33 0.38 0.97 0.63 0.87 0.42 0.44 0.98 0.00 1.00 0.37 0.49 0.74 0.36 0.27 0.68 0.38 0.86 0.90 0.48 0.91 0.99 0.55 0.32 0.76 0.10 0.34 0.47 ]
[ 0.67 0.56 0.55 0.88 0.54 0.14 0.23 0.32 0.75 0.38 0.66 0.70 0.45 1.00 0.62 0.64 0.73 0.55 0.84 0.81 0.98 0.76 0.55 0.64 0.27 0.99 0.00 0.56 0.47 0.63 0.06 0.34 0.35 0.70 0.65 0.06 0.37 0.98 0.41 0.38 0.76 0.47 0.47 0.25 0.67 0.92 0.35 0.05 0.92 0.15 0.53 0.29 0.27 0.49 0.71 0.18 0.86 0.55 0.52 0.47 0.08 0.41 0.95 0.44 0.97 0.90 0.72 0.29 0.95 0.52 ]
[ 0.83 0.31 0.50 0.98 0.68 0.31 0.31 0.93 0.99 0.60 0.95 0.77 0.00 0.62 1.00 0.08 0.22 0.20 0.25 0.43 0.76 0.52 0.72 0.81 0.40 0.61 0.86 0.30 0.46 0.83 0.89 0.93 0.86 0.19 0.31 0.71 0.45 0.39 0.53 0.47 0.17 0.94 0.55 0.91 0.62 0.85 0.74 0.90 0.27 0.23 0.76 0.50 0.31 0.52 0.24 0.63 0.22 0.33 0.00 0.95 0.68 0.96 0.76 0.86 0.91 0.98 0.90 0.36 0.85 0.02 ]
[ 0.94 0.46 0.58 0.80 0.31 0.34 0.92 0.27 0.28 0.20 0.81 0.76 0.22 0.64 0.08 1.00 0.34 0.07 0.31 0.95 0.75 0.94 0.00 0.37 0.32 0.42 1.00 0.99 0.28 0.86 0.66 0.99 0.51 0.16 0.37 0.09 0.95 0.12 0.39 0.94 0.64 0.09 0.12 0.46 0.31 0.97 0.96 0.49 0.74 0.30 0.89 0.91 0.71 0.88 0.40 0.11 0.66 0.11 0.75 0.94 0.11 0.17 0.00 0.00 0.67 0.17 0.26 0.97 0.89 0.67 ]
[ 0.90 0.64 0.32 0.36 0.40 0.95 0.78 0.21 0.79 0.82 0.94 0.16 0.68 0.73 0.22 0.34 1.00 0.67 0.27 0.26 0.71 0.48 0.20 0.11 0.44 0.33 0.34 0.54 0.83 0.57 0.32 0.40 0.89 0.21 0.93 0.90 0.25 0.16 0.73 0.15 0.92 0.72 0.04 0.19 0.86 0.85 0.50 0.90 0.92 0.03 0.61 0.42 0.38 0.16 0.87 0.44 0.35 0.43 0.56 0.97 0.23 0.85 0.02 0.42 0.65 0.59 0.22 0.27 0.91 0.09 ]
[ 0.07 0.51 0.96 0.39 0.96 0.69 0.83 0.69 0.08 0.67 0.54 0.38 0.96 0.55 0.20 0.07 0.67 1.00 0.88 0.88 0.31 0.01 0.19 0.50 0.58 0.71 0.71 0.41 0.68 0.76 0.16 0.00 0.46 0.13 0.45 0.88 0.24 0.82 0.98 0.46 0.42 0.98 0.66 0.93 0.71 0.87 0.53 0.14 0.41 1.00 0.66 0.96 0.17 0.71 0.46 0.84 0.28 0.85 0.78 0.87 0.86 0.41 0.45 0.56 0.25 0.58 0.71 0.96 0.15 0.96 ]
[ 0.40 0.64 0.39 0.31 0.60 0.15 0.48 0.90 0.18 0.50 0.95 0.22 0.19 0.84 0.25 0.31 0.27 0.88 1.00 0.68 0.35 0.56 0.75 0.97 0.29 0.04 0.47 0.77 0.93 0.59 0.78 0.47 0.04 0.25 0.79 0.67 0.98 0.92 0.73 0.65 0.25 0.58 0.96 0.59 0.52 0.05 0.62 0.19 0.34 0.14 0.86 0.42 0.85 0.95 0.87 0.75 0.90 0.98 0.83 0.89 0.96 0.80 0.47 0.90 0.88 0.99 0.81 0.31 0.26 0.69 ]
[ 0.44 0.96 0.29 0.86 0.84 0.43 0.37 0.63 0.89 0.73 0.68 0.94 0.85 0.81 0.43 0.95 0.26 0.88 0.68 1.00 0.31 0.94 0.22 0.95 0.82 0.54 0.09 0.25 0.48 0.69 0.69 0.80 0.85 0.10 0.17 0.47 0.20 0.97 0.50 0.32 0.42 0.28 0.36 0.15 0.73 0.91 0.92 0.38 0.00 0.84 0.54 0.20 0.07 0.59 0.59 0.99 0.92 0.00 0.92 0.57 0.72 0.30 0.17 0.58 0.24 0.90 0.63 0.71 0.34 0.23 ]
[ 0.75 0.13 0.74 0.72 0.97 0.99 0.25 0.59 0.30 0.95 0.65 0.89 0.97 0.98 0.76 0.75 0.71 0.31 0.35 0.31 1.00 0.08 0.13 0.63 0.78 0.59 0.56 0.80 0.63 0.48 0.90 0.44 0.90 0.44 0.94 0.17 0.94 0.79 0.88 0.86 0.66 0.09 0.24 0.86 0.49 0.22 0.25 0.07 0.59 0.56 0.51 0.99 0.88 0.57 0.91 0.08 0.06 0.47 0.61 0.37 0.23 0.81 0.81 0.66 0.00 0.90 0.67 0.66 0.24 0.48 ]
[ 0.58 0.69 0.78 0.50 0.39 0.99 0.62 0.87 0.79 0.76 0.39 0.39 0.80 0.76 0.52 0.94 0.48 0.01 0.56 0.94 0.08 1.00 0.85 0.86 0.08 0.58 0.97 0.90 0.35 0.80 0.63 0.89 0.93 0.20 0.54 0.25 0.40 0.30 0.67 0.51 0.44 0.33 0.36 0.88 0.90 0.87 0.48 0.89 0.19 0.89 0.87 0.35 0.85 0.76 0.96 0.16 0.50 0.44 0.74 0.91 0.71 0.88 1.00 0.34 0.12 0.60 0.83 0.92 0.45 0.68 ]
[ 0.64 0.51 0.81 0.15 0.97 0.80 0.16 1.00 0.93 0.70 0.44 0.11 0.25 0.55 0.72 0.00 0.20 0.19 0.75 0.22 0.13 0.85 1.00 0.65 0.39 0.18 0.17 0.06 0.18 0.99 0.48 0.64 0.83 0.89 0.92 0.53 0.00 0.83 0.16 0.85 0.50 0.73 0.32 0.10 0.68 0.58 0.90 0.63 0.51 0.00 0.00 0.95 0.62 0.99 0.77 0.71 0.65 0.21 0.93 0.33 1.00 0.22 0.85 0.26 0.53 0.13 0.97 0.55 0.26 0.23 ]
[ 0.27 0.65 0.98 0.48 0.24 0.02 0.59 0.93 0.00 0.96 0.24 0.48 0.42 0.64 0.81 0.37 0.11 0.50 0.97 0.95 0.63 0.86 0.65 1.00 0.91 0.79 0.30 0.62 0.90 0.16 0.81 0.99 0.55 0.59 0.68 0.16 0.20 0.16 0.86 0.34 0.18 0.94 0.30 0.85 0.30 0.13 0.25 0.22 0.99 0.00 0.95 0.73 0.39 0.89 0.50 0.98 0.45 0.57 0.33 0.63 0.87 0.64 0.98 0.41 0.47 0.42 0.41 0.41 0.10 0.89 ]
[ 0.88 0.96 0.99 0.16 0.66 0.93 0.78 0.57 0.59 0.67 0.35 0.36 0.82 0.27 0.40 0.32 0.44 0.58 0.29 0.82 0.78 0.08 0.39 0.91 1.00 0.16 0.02 0.88 0.23 0.58 0.32 0.51 0.85 0.49 0.81 0.49 0.21 0.54 0.55 0.21 0.40 0.84 0.53 0.88 0.57 0.47 0.55 0.97 0.00 0.89 0.35 0.91 0.35 0.27 0.74 0.97 0.66 0.63 0.48 0.91 0.46 0.09 0.73 0.20 0.77 0.90 0.53 0.71 0.00 0.54 ]
[ 0.00 0.86 0.78 0.82 0.32 0.68 0.61 0.72 0.60 0.47 0.01 0.35 0.66 0.99 0.61 0.42 0.33 0.71 0.04 0.54 0.59 0.58 0.18 0.79 0.16 1.00 0.90 0.56 0.36 0.35 0.87 0.79 0.84 0.75 0.19 0.31 0.89 0.87 0.36 0.58 0.78 0.29 0.53 0.38 0.01 0.60 0.39 0.67 0.86 0.26 0.52 0.20 0.14 0.94 0.24 0.55 0.42 0.35 0.54 0.70 0.32 0.69 0.83 0.80 0.23 0.26 0.07 0.46 0.91 0.60 ]
[ 0.04 0.99 0.87 0.12 0.35 0.62 0.32 0.03 0.63 0.14 0.45 0.02 0.79 0.00 0.86 1.00 0.34 0.71 0.47 0.09 0.56 0.97 0.17 0.30 0.02 0.90 1.00 0.89 0.55 0.84 0.94 0.48 0.25 0.70 0.89 0.45 0.71 0.36 0.88 0.27 0.00 0.94 0.73 0.78 0.64 0.18 0.23 0.17 0.96 0.33 0.17 0.86 0.72 0.54 0.97 0.80 0.51 0.86 0.61 0.43 0.52 0.79 0.16 0.23 0.62 0.41 0.42 0.14 0.19 0.82 ]
[ 0.27 0.76 0.21 0.38 0.86 1.00 0.99 0.81 0.39 0.64 0.89 0.83 0.58 0.56 0.30 0.99 0.54 0.41 0.77 0.25 0.80 0.90 0.06 0.62 0.88 0.56 0.89 1.00 0.73 0.35 0.44 0.64 0.90 0.91 0.93 0.51 0.89 0.35 0.85 0.61 0.02 0.55 0.87 0.16 0.06 0.89 0.61 0.77 0.22 0.76 0.61 0.28 0.16 0.98 0.87 0.42 0.25 0.43 0.92 0.03 0.64 0.67 0.48 0.05 0.82 0.00 0.57 0.42 0.95 0.00 ]
[ 0.16 0.29 0.30 0.71 0.41 0.14 0.62 0.00 0.46 0.26 0.72 0.90 0.30 0.47 0.46 0.28 0.83 0.68 0.93 0.48 0.63 0.35 0.18 0.90 0.23 0.36 0.55 0.73 1.00 0.61 0.99 0.32 0.00 0.40 0.18 0.91 0.18 0.23 0.72 0.21 0.96 0.41 0.63 0.15 0.90 0.53 0.61 0.91 0.91 0.27 0.38 0.29 0.69 0.77 0.70 0.05 0.34 0.72 0.09 0.50 0.43 0.89 0.73 0.66 0.46 0.64 0.93 0.87 0.30 0.98 ]
[ 0.23 0.99 0.03 0.55 0.92 1.00 0.00 0.28 0.22 0.26 0.54 0.86 0.76 0.63 0.83 0.86 0.57 0.76 0.59 0.69 0.48 0.80 0.99 0.16 0.58 0.35 0.84 0.35 0.61 1.00 0.16 0.00 0.35 0.37 0.54 0.96 0.93 0.69 0.57 0.37 0.76 0.52 0.67 0.69 0.95 0.14 0.72 0.25 0.20 0.38 0.54 0.25 0.97 0.59 0.39 0.89 0.26 0.75 0.29 0.80 0.46 0.50 0.99 0.39 0.21 0.61 0.96 0.96 0.65 0.99 ]
[ 0.89 0.25 0.39 0.98 0.39 0.50 0.09 0.94 0.96 0.63 0.46 0.50 0.91 0.06 0.89 0.66 0.32 0.16 0.78 0.69 0.90 0.63 0.48 0.81 0.32 0.87 0.94 0.44 0.99 0.16 1.00 0.35 0.04 0.84 0.90 0.97 0.18 0.23 0.48 0.27 0.22 0.48 0.99 0.54 0.67 0.82 0.38 0.80 0.63 0.67 0.87 0.38 0.67 0.62 0.93 0.16 0.87 0.42 0.64 0.59 0.29 0.87 0.72 0.24 0.15 0.54 0.43 0.88 0.38 0.39 ]
[ 0.32 0.00 0.99 0.28 0.54 0.63 0.18 0.15 0.93 0.12 0.36 0.62 0.84 0.34 0.93 0.99 0.40 0.00 0.47 0.80 0.44 0.89 0.64 0.99 0.51 0.79 0.48 0.64 0.32 0.00 0.35 1.00 0.67 0.48 0.98 0.13 0.71 0.84 0.19 0.93 0.29 0.43 0.52 0.33 0.73 0.19 0.41 0.15 0.67 0.83 0.90 0.24 0.90 0.23 0.03 0.33 0.36 0.58 0.57 0.67 0.39 0.56 0.28 0.74 0.19 0.51 0.60 0.92 0.67 0.90 ]
[ 0.45 0.41 0.73 0.72 0.95 0.86 0.47 0.66 0.22 0.17 0.23 0.36 0.72 0.35 0.86 0.51 0.89 0.46 0.04 0.85 0.90 0.93 0.83 0.55 0.85 0.84 0.25 0.90 0.00 0.35 0.04 0.67 1.00 0.89 0.44 0.32 0.42 0.77 0.35 0.99 0.82 0.47 0.86 0.57 0.78 0.28 0.88 0.16 0.99 0.22 0.97 0.38 0.88 0.38 0.46 0.38 0.05 0.28 0.36 0.99 0.86 0.57 0.19 0.67 0.76 0.35 0.88 0.98 0.73 0.72 ]
[ 0.55 0.66 0.69 0.94 0.62 0.85 0.96 0.21 0.52 0.46 0.98 0.61 0.86 0.70 0.19 0.16 0.21 0.13 0.25 0.10 0.44 0.20 0.89 0.59 0.49 0.75 0.70 0.91 0.40 0.37 0.84 0.48 0.89 1.00 0.92 0.62 0.80 0.03 0.61 0.45 0.35 0.80 0.59 0.37 0.93 0.28 0.29 0.19 0.35 0.90 0.15 0.09 0.98 0.27 0.82 0.29 0.00 0.87 0.33 0.78 0.36 0.81 0.64 0.19 0.36 0.17 0.80 0.59 0.75 0.17 ]
[ 0.69 0.32 0.43 0.14 0.52 0.70 0.86 0.48 0.67 0.48 0.93 0.99 0.97 0.65 0.31 0.37 0.93 0.45 0.79 0.17 0.94 0.54 0.92 0.68 0.81 0.19 0.89 0.93 0.18 0.54 0.90 0.98 0.44 0.92 1.00 0.43 0.53 0.04 0.32 0.47 0.89 0.94 0.68 0.88 0.19 0.96 0.93 0.22 0.50 0.59 0.36 0.02 0.62 0.92 0.79 0.19 0.64 0.41 0.85 0.34 0.21 0.25 0.59 0.73 0.28 0.95 0.48 0.37 0.30 0.19 ]
[ 0.33 0.04 0.36 0.83 0.07 0.60 0.56 0.55 0.06 0.88 0.71 0.13 0.02 0.06 0.71 0.09 0.90 0.88 0.67 0.47 0.17 0.25 0.53 0.16 0.49 0.31 0.45 0.51 0.91 0.96 0.97 0.13 0.32 0.62 0.43 1.00 0.96 0.35 0.97 0.80 0.31 0.98 0.28 0.99 0.04 0.99 0.31 0.14 0.44 0.75 0.18 0.67 0.16 0.35 0.64 0.94 0.44 0.32 0.50 0.06 0.84 0.88 0.84 0.80 0.05 0.17 0.95 0.29 0.97 0.93 ]
[ 0.85 0.37 0.06 0.47 0.88 0.62 0.95 0.33 0.96 0.24 0.50 0.97 0.72 0.37 0.45 0.95 0.25 0.24 0.98 0.20 0.94 0.40 0.00 0.20 0.21 0.89 0.71 0.89 0.18 0.93 0.18 0.71 0.42 0.80 0.53 0.96 1.00 0.95 0.47 0.94 0.96 0.99 0.76 0.50 0.22 0.27 0.77 0.97 0.79 0.64 0.31 0.56 0.86 0.78 0.42 0.88 0.61 0.30 0.85 0.57 0.29 0.23 0.36 0.00 0.45 0.90 0.33 0.44 0.88 0.72 ]
[ 0.16 0.81 0.26 0.92 0.67 0.26 0.85 0.42 0.98 0.93 0.43 0.43 0.10 0.98 0.39 0.12 0.16 0.82 0.92 0.97 0.79 0.30 0.83 0.16 0.54 0.87 0.36 0.35 0.23 0.69 0.23 0.84 0.77 0.03 0.04 0.35 0.95 1.00 0.98 0.62 0.24 0.17 0.57 0.30 0.44 0.77 0.33 0.81 0.59 0.90 0.28 0.28 0.19 0.83 0.16 0.91 0.08 0.35 0.20 0.80 0.73 0.29 0.66 0.69 0.44 0.32 0.75 0.84 0.44 0.97 ]
[ 0.88 0.82 0.89 0.76 0.44 0.75 0.19 0.51 0.31 0.78 0.98 0.44 0.71 0.41 0.53 0.39 0.73 0.98 0.73 0.50 0.88 0.67 0.16 0.86 0.55 0.36 0.88 0.85 0.72 0.57 0.48 0.19 0.35 0.61 0.32 0.97 0.47 0.98 1.00 0.57 0.55 0.59 0.33 0.40 0.28 0.16 0.89 0.52 0.87 0.26 0.52 0.96 0.99 0.48 0.57 0.99 0.29 0.17 0.34 0.95 0.94 0.75 0.45 0.79 0.38 0.13 0.01 0.06 0.72 0.68 ]
[ 0.19 0.60 0.93 0.25 0.46 0.61 0.60 0.01 0.44 0.45 0.44 0.07 0.17 0.38 0.47 0.94 0.15 0.46 0.65 0.32 0.86 0.51 0.85 0.34 0.21 0.58 0.27 0.61 0.21 0.37 0.27 0.93 0.99 0.45 0.47 0.80 0.94 0.62 0.57 1.00 0.99 0.57 0.33 0.56 0.17 0.84 0.79 0.47 0.88 0.76 0.92 0.91 0.42 0.54 0.61 0.59 0.15 0.63 0.76 0.70 0.51 0.50 0.58 0.68 0.38 0.91 0.41 0.37 0.59 0.82 ]
[ 0.46 0.94 0.29 0.18 0.33 0.97 0.97 0.88 0.24 0.88 0.63 0.05 0.60 0.76 0.17 0.64 0.92 0.42 0.25 0.42 0.66 0.44 0.50 0.18 0.40 0.78 0.00 0.02 0.96 0.76 0.22 0.29 0.82 0.35 0.89 0.31 0.96 0.24 0.55 0.99 1.00 0.03 0.75 0.72 0.92 0.12 0.55 0.00 0.86 0.57 0.51 0.90 0.73 0.52 0.47 0.35 0.04 0.93 0.91 0.61 0.25 0.70 0.79 0.40 0.75 0.16 0.91 0.51 0.93 0.75 ]
[ 0.62 0.26 0.91 0.91 0.15 0.89 0.90 0.95 0.28 0.61 0.19 0.68 0.87 0.47 0.94 0.09 0.72 0.98 0.58 0.28 0.09 0.33 0.73 0.94 0.84 0.29 0.94 0.55 0.41 0.52 0.48 0.43 0.47 0.80 0.94 0.98 0.99 0.17 0.59 0.57 0.03 1.00 0.00 0.87 0.55 0.74 0.87 0.19 0.64 0.13 0.90 0.44 0.76 0.05 0.96 0.68 0.30 0.72 0.87 0.51 0.95 0.22 0.79 0.99 0.53 0.62 0.72 0.25 0.92 0.14 ]
[ 0.44 0.68 0.81 0.73 0.22 0.81 0.71 0.60 0.31 0.94 0.18 0.45 0.33 0.47 0.55 0.12 0.04 0.66 0.96 0.36 0.24 0.36 0.32 0.30 0.53 0.53 0.73 0.87 0.63 0.67 0.99 0.52 0.86 0.59 0.68 0.28 0.76 0.57 0.33 0.33 0.75 0.00 1.00 0.25 0.24 0.07 0.55 0.78 0.34 0.47 0.41 0.52 0.83 0.22 0.99 0.96 0.09 0.52 0.38 0.30 0.18 0.91 0.89 0.64 0.75 0.14 0.51 0.51 0.08 0.87 ]
[ 0.22 0.06 0.18 0.54 0.86 0.56 0.98 0.67 0.01 0.82 0.36 0.33 0.38 0.25 0.91 0.46 0.19 0.93 0.59 0.15 0.86 0.88 0.10 0.85 0.88 0.38 0.78 0.16 0.15 0.69 0.54 0.33 0.57 0.37 0.88 0.99 0.50 0.30 0.40 0.56 0.72 0.87 0.25 1.00 0.52 0.50 0.84 0.00 0.90 0.76 0.66 0.26 0.97 0.86 0.37 0.34 0.63 0.86 0.29 0.35 0.28 0.24 0.22 1.00 0.13 0.27 0.43 0.79 0.70 0.94 ]
[ 0.24 0.50 0.23 0.30 0.66 0.00 0.40 0.26 0.35 0.43 0.35 0.48 0.97 0.67 0.62 0.31 0.86 0.71 0.52 0.73 0.49 0.90 0.68 0.30 0.57 0.01 0.64 0.06 0.90 0.95 0.67 0.73 0.78 0.93 0.19 0.04 0.22 0.44 0.28 0.17 0.92 0.55 0.24 0.52 1.00 0.24 0.60 0.54 0.85 0.39 0.42 0.91 0.74 0.61 0.80 0.95 0.86 0.46 0.35 0.80 0.90 0.96 0.77 0.62 0.01 0.26 0.53 0.81 0.21 0.29 ]
[ 0.86 0.91 0.76 0.34 0.57 0.94 0.40 0.64 1.00 0.93 0.37 0.83 0.63 0.92 0.85 0.97 0.85 0.87 0.05 0.91 0.22 0.87 0.58 0.13 0.47 0.60 0.18 0.89 0.53 0.14 0.82 0.19 0.28 0.28 0.96 0.99 0.27 0.77 0.16 0.84 0.12 0.74 0.07 0.50 0.24 1.00 0.87 0.24 0.80 0.03 0.71 0.22 0.27 0.23 0.24 0.80 0.72 0.57 0.61 0.67 0.27 0.69 0.73 0.48 0.92 0.84 0.68 0.42 0.79 0.84 ]
[ 0.35 0.66 0.17 0.59 0.03 0.66 0.39 0.54 0.90 0.05 0.40 0.38 0.87 0.35 0.74 0.96 0.50 0.53 0.62 0.92 0.25 0.48 0.90 0.25 0.55 0.39 0.23 0.61 0.61 0.72 0.38 0.41 0.88 0.29 0.93 0.31 0.77 0.33 0.89 0.79 0.55 0.87 0.55 0.84 0.60 0.87 1.00 0.89 0.29 0.15 0.47 0.90 0.44 0.27 0.72 0.86 0.67 0.80 0.70 0.97 0.59 0.63 0.00 0.84 0.83 0.93 0.54 0.87 0.94 0.80 ]
[ 0.93 0.92 0.00 0.31 0.70 0.68 0.45 0.18 0.82 0.96 0.69 0.49 0.42 0.05 0.90 0.49 0.90 0.14 0.19 0.38 0.07 0.89 0.63 0.22 0.97 0.67 0.17 0.77 0.91 0.25 0.80 0.15 0.16 0.19 0.22 0.14 0.97 0.81 0.52 0.47 0.00 0.19 0.78 0.00 0.54 0.24 0.89 1.00 0.92 0.78 0.61 0.65 0.30 0.28 0.17 0.86 0.62 0.88 0.25 0.44 0.80 0.47 0.31 0.91 0.36 0.92 0.63 0.39 0.09 0.04 ]
[ 0.66 0.81 0.76 0.83 0.47 0.80 0.44 0.74 0.30 0.80 0.48 0.95 0.44 0.92 0.27 0.74 0.92 0.41 0.34 0.00 0.59 0.19 0.51 0.99 0.00 0.86 0.96 0.22 0.91 0.20 0.63 0.67 0.99 0.35 0.50 0.44 0.79 0.59 0.87 0.88 0.86 0.64 0.34 0.90 0.85 0.80 0.29 0.92 1.00 0.47 0.35 0.43 0.68 0.88 0.31 0.96 0.95 0.19 0.95 0.36 0.37 0.42 0.77 0.88 0.59 0.93 0.70 0.42 0.07 0.96 ]
[ 0.54 0.27 0.72 0.50 0.88 0.13 0.00 0.27 0.55 0.78 0.31 0.16 0.98 0.15 0.23 0.30 0.03 1.00 0.14 0.84 0.56 0.89 0.00 0.00 0.89 0.26 0.33 0.76 0.27 0.38 0.67 0.83 0.22 0.90 0.59 0.75 0.64 0.90 0.26 0.76 0.57 0.13 0.47 0.76 0.39 0.03 0.15 0.78 0.47 1.00 0.64 0.41 0.44 0.44 0.70 0.35 0.96 0.69 0.61 0.69 0.59 0.29 0.03 1.00 0.27 0.06 0.25 0.32 0.27 0.61 ]
[ 0.32 0.60 0.98 0.50 0.24 0.84 0.93 0.68 0.16 0.46 0.33 0.91 0.00 0.53 0.76 0.89 0.61 0.66 0.86 0.54 0.51 0.87 0.00 0.95 0.35 0.52 0.17 0.61 0.38 0.54 0.87 0.90 0.97 0.15 0.36 0.18 0.31 0.28 0.52 0.92 0.51 0.90 0.41 0.66 0.42 0.71 0.47 0.61 0.35 0.64 1.00 0.41 0.20 0.09 0.63 0.72 0.08 0.96 0.98 0.90 0.62 0.93 0.05 0.71 0.88 0.32 0.80 0.98 0.64 0.73 ]
[ 0.79 0.37 0.39 0.61 0.35 0.62 0.37 0.08 0.80 0.93 0.32 0.65 1.00 0.29 0.50 0.91 0.42 0.96 0.42 0.20 0.99 0.35 0.95 0.73 0.91 0.20 0.86 0.28 0.29 0.25 0.38 0.24 0.38 0.09 0.02 0.67 0.56 0.28 0.96 0.91 0.90 0.44 0.52 0.26 0.91 0.22 0.90 0.65 0.43 0.41 0.41 1.00 0.64 0.74 0.22 0.84 0.56 0.71 0.12 0.36 0.85 0.96 0.86 0.87 0.09 0.84 0.91 0.95 0.48 0.40 ]
[ 0.90 0.91 0.27 0.14 0.43 0.99 0.99 0.89 0.10 0.26 0.27 0.23 0.37 0.27 0.31 0.71 0.38 0.17 0.85 0.07 0.88 0.85 0.62 0.39 0.35 0.14 0.72 0.16 0.69 0.97 0.67 0.90 0.88 0.98 0.62 0.16 0.86 0.19 0.99 0.42 0.73 0.76 0.83 0.97 0.74 0.27 0.44 0.30 0.68 0.44 0.20 0.64 1.00 0.25 0.93 0.60 0.84 0.60 0.58 0.42 0.75 0.41 0.92 0.14 0.36 0.33 0.07 0.08 0.89 0.87 ]
[ 0.25 0.70 0.89 0.91 0.38 0.74 0.66 0.54 0.99 0.92 0.61 0.11 0.49 0.49 0.52 0.88 0.16 0.71 0.95 0.59 0.57 0.76 0.99 0.89 0.27 0.94 0.54 0.98 0.77 0.59 0.62 0.23 0.38 0.27 0.92 0.35 0.78 0.83 0.48 0.54 0.52 0.05 0.22 0.86 0.61 0.23 0.27 0.28 0.88 0.44 0.09 0.74 0.25 1.00 0.91 0.24 0.33 0.62 0.43 0.89 0.93 0.32 0.57 0.42 0.53 0.79 0.40 0.73 0.87 0.47 ]
[ 0.88 0.78 0.68 0.21 0.79 0.22 0.59 0.54 0.29 0.89 0.27 0.83 0.74 0.71 0.24 0.40 0.87 0.46 0.87 0.59 0.91 0.96 0.77 0.50 0.74 0.24 0.97 0.87 0.70 0.39 0.93 0.03 0.46 0.82 0.79 0.64 0.42 0.16 0.57 0.61 0.47 0.96 0.99 0.37 0.80 0.24 0.72 0.17 0.31 0.70 0.63 0.22 0.93 0.91 1.00 0.72 0.80 0.39 0.81 0.61 0.16 0.71 0.23 0.46 0.37 0.87 0.85 0.63 0.26 0.73 ]
[ 0.89 0.20 0.86 0.64 0.00 0.88 0.05 0.60 0.96 0.65 0.03 0.89 0.36 0.18 0.63 0.11 0.44 0.84 0.75 0.99 0.08 0.16 0.71 0.98 0.97 0.55 0.80 0.42 0.05 0.89 0.16 0.33 0.38 0.29 0.19 0.94 0.88 0.91 0.99 0.59 0.35 0.68 0.96 0.34 0.95 0.80 0.86 0.86 0.96 0.35 0.72 0.84 0.60 0.24 0.72 1.00 0.40 0.28 0.64 0.13 0.34 0.73 0.66 0.93 0.17 0.39 0.83 0.55 0.15 0.70 ]
[ 0.66 0.88 0.93 0.60 0.27 0.81 0.87 0.87 0.44 0.70 0.54 0.82 0.27 0.86 0.22 0.66 0.35 0.28 0.90 0.92 0.06 0.50 0.65 0.45 0.66 0.42 0.51 0.25 0.34 0.26 0.87 0.36 0.05 0.00 0.64 0.44 0.61 0.08 0.29 0.15 0.04 0.30 0.09 0.63 0.86 0.72 0.67 0.62 0.95 0.96 0.08 0.56 0.84 0.33 0.80 0.40 1.00 0.20 0.96 0.32 0.96 0.47 0.57 0.27 0.85 0.19 0.67 0.51 0.45 0.56 ]
[ 0.05 1.00 0.04 1.00 0.82 0.72 0.99 0.55 0.87 0.94 0.83 0.96 0.68 0.55 0.33 0.11 0.43 0.85 0.98 0.00 0.47 0.44 0.21 0.57 0.63 0.35 0.86 0.43 0.72 0.75 0.42 0.58 0.28 0.87 0.41 0.32 0.30 0.35 0.17 0.63 0.93 0.72 0.52 0.86 0.46 0.57 0.80 0.88 0.19 0.69 0.96 0.71 0.60 0.62 0.39 0.28 0.20 1.00 0.46 0.32 0.67 0.98 0.66 0.00 0.92 0.14 0.95 0.31 0.60 0.24 ]
[ 0.71 0.33 0.47 0.97 0.56 0.09 0.43 0.43 0.46 0.67 0.94 0.67 0.38 0.52 0.00 0.75 0.56 0.78 0.83 0.92 0.61 0.74 0.93 0.33 0.48 0.54 0.61 0.92 0.09 0.29 0.64 0.57 0.36 0.33 0.85 0.50 0.85 0.20 0.34 0.76 0.91 0.87 0.38 0.29 0.35 0.61 0.70 0.25 0.95 0.61 0.98 0.12 0.58 0.43 0.81 0.64 0.96 0.46 1.00 0.75 0.64 0.09 0.51 0.59 0.98 0.98 0.65 0.99 0.71 0.00 ]
[ 0.54 0.78 0.76 0.86 0.96 0.00 0.16 0.58 0.37 0.27 0.92 0.25 0.86 0.47 0.95 0.94 0.97 0.87 0.89 0.57 0.37 0.91 0.33 0.63 0.91 0.70 0.43 0.03 0.50 0.80 0.59 0.67 0.99 0.78 0.34 0.06 0.57 0.80 0.95 0.70 0.61 0.51 0.30 0.35 0.80 0.67 0.97 0.44 0.36 0.69 0.90 0.36 0.42 0.89 0.61 0.13 0.32 0.32 0.75 1.00 0.65 0.92 0.60 0.15 0.61 0.58 0.78 0.50 0.20 0.65 ]
[ 0.95 0.65 0.75 0.63 0.97 0.38 0.94 0.89 0.41 0.63 0.24 0.90 0.90 0.08 0.68 0.11 0.23 0.86 0.96 0.72 0.23 0.71 1.00 0.87 0.46 0.32 0.52 0.64 0.43 0.46 0.29 0.39 0.86 0.36 0.21 0.84 0.29 0.73 0.94 0.51 0.25 0.95 0.18 0.28 0.90 0.27 0.59 0.80 0.37 0.59 0.62 0.85 0.75 0.93 0.16 0.34 0.96 0.67 0.64 0.65 1.00 1.00 0.16 0.36 0.20 0.26 0.80 0.73 0.31 0.80 ]
[ 0.90 0.44 0.49 0.22 0.61 0.54 0.31 0.35 0.66 0.30 0.94 0.28 0.48 0.41 0.96 0.17 0.85 0.41 0.80 0.30 0.81 0.88 0.22 0.64 0.09 0.69 0.79 0.67 0.89 0.50 0.87 0.56 0.57 0.81 0.25 0.88 0.23 0.29 0.75 0.50 0.70 0.22 0.91 0.24 0.96 0.69 0.63 0.47 0.42 0.29 0.93 0.96 0.41 0.32 0.71 0.73 0.47 0.98 0.09 0.92 1.00 1.00 0.31 0.44 0.07 0.42 0.42 0.22 0.94 0.64 ]
[ 0.99 0.64 0.87 0.72 0.49 0.91 0.31 0.85 0.73 0.87 0.42 0.67 0.91 0.95 0.76 0.00 0.02 0.45 0.47 0.17 0.81 1.00 0.85 0.98 0.73 0.83 0.16 0.48 0.73 0.99 0.72 0.28 0.19 0.64 0.59 0.84 0.36 0.66 0.45 0.58 0.79 0.79 0.89 0.22 0.77 0.73 0.00 0.31 0.77 0.03 0.05 0.86 0.92 0.57 0.23 0.66 0.57 0.66 0.51 0.60 0.16 0.31 1.00 0.89 1.00 0.86 0.67 0.17 0.91 0.18 ]
[ 0.62 0.53 0.90 0.68 0.94 0.80 0.83 0.02 0.27 0.43 0.99 0.89 0.99 0.44 0.86 0.00 0.42 0.56 0.90 0.58 0.66 0.34 0.26 0.41 0.20 0.80 0.23 0.05 0.66 0.39 0.24 0.74 0.67 0.19 0.73 0.80 0.00 0.69 0.79 0.68 0.40 0.99 0.64 1.00 0.62 0.48 0.84 0.91 0.88 1.00 0.71 0.87 0.14 0.42 0.46 0.93 0.27 0.00 0.59 0.15 0.36 0.44 0.89 1.00 0.49 0.81 0.23 0.29 0.91 0.81 ]
[ 0.98 0.24 0.70 0.26 0.34 0.51 0.18 0.46 0.88 0.22 0.84 0.97 0.55 0.97 0.91 0.67 0.65 0.25 0.88 0.24 0.00 0.12 0.53 0.47 0.77 0.23 0.62 0.82 0.46 0.21 0.15 0.19 0.76 0.36 0.28 0.05 0.45 0.44 0.38 0.38 0.75 0.53 0.75 0.13 0.01 0.92 0.83 0.36 0.59 0.27 0.88 0.09 0.36 0.53 0.37 0.17 0.85 0.92 0.98 0.61 0.20 0.07 1.00 0.49 1.00 0.96 0.53 0.29 0.43 0.23 ]
[ 0.00 0.74 0.19 0.63 0.54 0.91 0.69 0.26 0.16 0.46 0.98 0.81 0.32 0.90 0.98 0.17 0.59 0.58 0.99 0.90 0.90 0.60 0.13 0.42 0.90 0.26 0.41 0.00 0.64 0.61 0.54 0.51 0.35 0.17 0.95 0.17 0.90 0.32 0.13 0.91 0.16 0.62 0.14 0.27 0.26 0.84 0.93 0.92 0.93 0.06 0.32 0.84 0.33 0.79 0.87 0.39 0.19 0.14 0.98 0.58 0.26 0.42 0.86 0.81 0.96 1.00 0.40 0.92 0.45 0.60 ]
[ 0.02 0.02 0.99 0.66 0.29 0.22 0.92 0.15 0.96 0.42 0.29 0.30 0.76 0.72 0.90 0.26 0.22 0.71 0.81 0.63 0.67 0.83 0.97 0.41 0.53 0.07 0.42 0.57 0.93 0.96 0.43 0.60 0.88 0.80 0.48 0.95 0.33 0.75 0.01 0.41 0.91 0.72 0.51 0.43 0.53 0.68 0.54 0.63 0.70 0.25 0.80 0.91 0.07 0.40 0.85 0.83 0.67 0.95 0.65 0.78 0.80 0.42 0.67 0.23 0.53 0.40 1.00 0.89 0.96 0.17 ]
[ 0.01 0.66 0.71 0.94 0.93 0.88 0.35 0.31 0.82 0.87 1.00 0.92 0.10 0.29 0.36 0.97 0.27 0.96 0.31 0.71 0.66 0.92 0.55 0.41 0.71 0.46 0.14 0.42 0.87 0.96 0.88 0.92 0.98 0.59 0.37 0.29 0.44 0.84 0.06 0.37 0.51 0.25 0.51 0.79 0.81 0.42 0.87 0.39 0.42 0.32 0.98 0.95 0.08 0.73 0.63 0.55 0.51 0.31 0.99 0.50 0.73 0.22 0.17 0.29 0.29 0.92 0.89 1.00 0.09 0.40 ]
[ 0.91 0.91 0.79 0.47 0.55 0.36 0.10 0.59 0.66 0.16 0.67 0.96 0.34 0.95 0.85 0.89 0.91 0.15 0.26 0.34 0.24 0.45 0.26 0.10 0.00 0.91 0.19 0.95 0.30 0.65 0.38 0.67 0.73 0.75 0.30 0.97 0.88 0.44 0.72 0.59 0.93 0.92 0.08 0.70 0.21 0.79 0.94 0.09 0.07 0.27 0.64 0.48 0.89 0.87 0.26 0.15 0.45 0.60 0.71 0.20 0.31 0.94 0.91 0.91 0.43 0.45 0.96 0.09 1.00 0.73 ]
[ 0.93 0.81 0.95 0.50 0.98 0.59 0.20 0.20 0.31 0.59 0.44 0.75 0.47 0.52 0.02 0.67 0.09 0.96 0.69 0.23 0.48 0.68 0.23 0.89 0.54 0.60 0.82 0.00 0.98 0.99 0.39 0.90 0.72 0.17 0.19 0.93 0.72 0.97 0.68 0.82 0.75 0.14 0.87 0.94 0.29 0.84 0.80 0.04 0.96 0.61 0.73 0.40 0.87 0.47 0.73 0.70 0.56 0.24 0.00 0.65 0.80 0.64 0.18 0.81 0.23 0.60 0.17 0.40 0.73 1.00 ]
];
